251688963,16142449202758170560,16069964998088065024,0
536887297,1688884222100352,432503894975709184,0
2147991577,9225060955447101040,4593794765220216832,0
4026789897,13837028483210938112,1747536301717979136,0
6598109957120,3459186855167664000,17006682934255550464,0
939634692,13840406268883246208,8575121971619037184,0
4398986158087,9225060989798452992,8665486434796306432,0
1879302151,9225061127266508792,18375179060880867328,0
15397390653440,6917951265929445312,16105965207804706816,0
4027572224,9223935089891607296,1747536301852196864,0
52780584722432,13835902531767635840,9151849930816487424,0
13194542198784,13836746973870294528,3963713038443347968,0
201390087,6917951266004939648,18429791803432501248,0
402714628,9223935055540258304,1729417445308923904,0
507929,9225060955442906624,1729452077509246976,0
491553,9224216496148841216,2288107886657667072,0
201390087,2305983755293036416,7999490276852760576,0
939634700,4612108282435209088,4539881312198066176,0
469817348,6917951265908460992,7206146461950541824,0
2013523976,13835902514576229120,1729661546151280640,0
4398986047488,4612108256713642880,14844418534263488512,0
2199493079043,4611968026046108128,5675084191084052480,0
4398180753409,9225061022073102080,8647403865760595968,0
17593796657152,9223935021170033792,432499495855456256,0
1040447,13837169182044069872,9205902996112670720,0
16106373123,9226750217636807680,4602819006905188352,0
536999967,6944832134748046080,4575937622643310592,0
939536384,13835903012921422816,17906456154515439616,0
8798173460480,6917951265877002432,18411828042587439104,0
2200029992964,6917810519800808320,4324016401795776512,0
251722767,17301000232580947840,18376883364033462272,0
14,16923902034317184,8647333497016418304,0
402690055,6925691819148709760,7998733819026866176,0
939593728,4611967544945805056,4468041442803056640,0
10996324241408,4612530477748718976,2666658757869568000,0
1879302175,13835902600538361848,7926880716971835392,0
201455624,3458905268553784256,9873722221107609600,0
2013523980,13849414292708786560,4602959757278445568,0
4026687489,9226749942758901248,1765549596420866048,0
130055,3458975645956578272,18375777195206377472,0
402780168,2306054124102758624,9710869134396358656,0
402714631,4617034077350928128,18429151887665135616,0
4398986240000,9223935021182617472,3314868128692830208,0
6599150342144,4612530494903426816,18303136860408381440,0
4027047937,9225060989798449920,2270094600544714752,0
57346,9223935021197303800,5765029735499300864,0
385940486,6931884904300940800,8071009117977706496,0
134246401,2306269370851016576,3891118874678034432,0
1879302149,13836747145723781112,18438034842105937920,0
469891079,6917951265908989920,18213647668750581760,0
13194542198784,4612108248201302400,5728825016619892736,0
229393,9223653529072178048,4593673818941161472,0
30790486339584,13835902531875643264,9214613327227912192,0
4161007616,6917951265879101376,9206448418304557056,0
4161269788,13835902600486061824,4314728835531669504,0
2013474816,13835621108327384576,9188334999324065792,0
57351,13835480284942835696,17871127746336260096,0
127007,16141112230889398208,17402754484601356288,0
13196220035072,13835902583320874496,3459044906331275264,0
26390158131201,9223935021232951168,4539635021459226624,0
1100014999564,4621256270718963200,8683993414246596608,0
3758342145,9225060921085265792,4323471035841118208,0
6597539534848,6917951265942552545,10234412625437917184,0
1610727427,9224216513326612864,576592709804883968,0
805822495,13844909731022899168,2270093495664508928,0
245773,9224216513391104432,6350568055801643008,0
1100014962688,2306124501431098112,6629824218852753408,0
2013466624,2306265273230951936,4576150919342718976,0
52780316278785,9225060921076876224,2269939556520296448,0
2013388807,9231816354880029200,8701515257316638720,0
2013278208,13835621073963451392,2324013554480447488,0
2013388804,13836747008234227488,2288107893100118016,0
6598076504064,6917951257352084928,7890836524642598912,0
4228118528,3458975633070899168,18411809290827333632,0
1879564312,9242230877475308480,2269953853929553920,0
13195079069696,13835902531816923008,7998927313746001920,0
13196152938496,9225060955447101184,4179559265737900032,0
2013667328,9225060989798449664,2287966058247618560,0
13196152803328,4611967510603894400,3314922008923340800,0
1610735619,16141324264937111520,9205360936880177152,0
234907648,2305983772605034880,18375192255557271552,0
7698695329792,6918373555663015424,8071575365929140224,0
268496902,2310557727975809008,9764912299860033536,0
1879302144,13835621056808620000,8935387951307685888,0
49164,9252082587572110304,2044845337058738176,0
1100015007747,3458905277144776641,18267657835980521472,0
4027047949,9225342602241384440,9214611128204656640,0
35188398649344,4611967544949998352,2270368391824932864,0
17594065108993,9223935021170034560,4575925506540568576,0
4,4503874571338808,0,0
2013278208,4611967785527939456,5044502182422904832,0
2080438272,3458975628679724929,18303134661385125888,0
939765784,4630122655187996384,7404471956289880064,0
1006753792,2306265247508864960,7350147275852611584,0
61574731534336,6917951360396705665,18429783007339479040,0
26396600582145,9224498142928438784,1729452351246303232,0
2013523976,13835902995637734400,3999476859602468864,0
3298736222208,9225061092898639840,9187835821045055488,0
1006737412,6917951257289170880,14970633694513987584,0
1610661889,9223935021171871728,7782484043181850624,0
2199157485568,13835902514605067520,4323701937175265280,0
4026785793,9225060989800547264,2125962913351991296,0
30790486335488,9225060989798449664,1729661540916789248,0
1879269376,13835902531784413152,4593935507003539456,0
7,35466499933999100,3458764513820540928,0
13195079069696,13835902944202727416,9097517537893023744,0
8053571603,9225060996253353976,4486113020212150272,0
4160909312,13836747111326026752,9205919488787087360,0
4261664768,6917951291648903104,4540725797526175744,0
2199493081090,6917810519863730160,15853761429648703488,0
4398986047488,9223935021172130560,4467997440863109120,0
939651072,4611967510611234688,2738386498419163136,0
4400060018712,6917951265879098240,18411840102855606272,0
7,9223935021199400944,8097472130012151808,0
32775,1125970828730352,216172782113783808,0
458782,3377940305547256,4377534022176210944,0
1006759936,4612530495163474816,18087447863142383616,0
939651086,13840406131395006400,9187878732264636416,0
4097,17295019258725011840,11385618827480924160,0
1879302145,9225061092886841200,18411726827388141568,0
1006737420,6935965655811229632,2810580431898935296,0
1099763313664,2306124535736311680,18375179086650671104,0
4398986047488,13835621073967645200,9205881023059984384,0
0,17734074591872816,4035225266123964416,0
805433346,6917951257288115072,4467847922314117120,0
469891072,2306265238864921088,4035770624428212224,0
2013343744,4611967510616476096,5008952793747161088,0
234944519,2306265238865971072,9152411815685128192,0
61440,6917951257289179073,864691128455135232,0
4400059899904,13835902497510670272,9151875193747013632,0
2200063572994,8070943173652783040,18375807998980259840,0
35192693833729,9225060955447100928,4539909357663420416,0
13196152807424,9223935021197298432,3153012328958525440,0
3758276611,1688953004497856,8701096042201874432,0
49159,9227313167623790584,8935141660703064064,0
6442942495,8444352387876848,4602959194637729792,0
67139585,12682558814711455680,17404020056844664832,0
245791,9223935089927261952,2296869894819414016,0
939782172,13862924181070414720,2270033040778461184,0
13196152811520,13835621073963451392,2306401577226731520,0
2013491208,13835902531754002304,2810499055287795712,0
13195079180288,13835902600537972720,8953684924305506304,0
1100015000579,6918514447889743744,18376883355443527680,0
805433375,16159126595009253312,9080096901902106624,0
4400060035077,13835902737942843360,9205901897003696128,0
2199493054466,6917951257314332544,7350428750560886784,0
805363716,9228438620797404032,2161850969661374464,0
516159,13890086473362313200,9205903000407638016,0
549957203970,2306265238861782912,11385627623573946368,0
1100014996486,2305983772537921504,14754883120570302464,0
2013335564,4625619046986943680,7170181414057410560,0
507919,9224216513391496696,7782466446700838912,0
2201137190912,4612249071485193216,6918653858101067776,0
4400059904005,9227312892712324096,9205919490934571008,0
983079,844648335018208,4485586328372641792,0
114703,13839280231488163776,9187772049370644480,0
4398986043392,9223935021205687040,1729417443161407488,0
4027047953,9225060989806838528,2017891922839863296,0
30727,17294033701113171952,8936232427777425408,0
7696782733312,16141886493269172096,17871338852568793088,0
4026785792,6917951248729116656,9214910225432182784,0
939646989,13864050098148737408,9206456050461442048,0
2013392900,6917951265877528544,7062189588516700160,0
201390094,6931462056170226432,2017856751219507200,0
234908675,2306265238890093440,10522528622315569152,0
98319,2252074741927168,2296835809958952960,0
30723,3465731028084604480,14844418525673553920,0
17044560972800,3458975645956063104,18375755256781864960,0
939784204,6918373504115016448,1729606573925793792,0
8054108176,13837028637848635136,2288109544447934464,0
2199493062656,9223935055531869952,4467795139313532928,0
8798106296320,13835902531816922048,14970633664449216512,0
939597824,9223935089950334720,9160470625897152512,0
805560335,9223935089902096320,8755986153808592896,0
268492806,9228438620826771392,8133500927031115776,0
402911232,4611967510586065024,1008933874912460800,0
6599150243844,4612108256728326080,7458507455236931584,0
1879171072,9223935021175803896,8647403865760595968,0
6598076428288,4612530632367541136,8899535076149166080,0
288296347252056065,9225060955447100928,9214926688041828352,0
3758276609,1126106077856512,576502537503375360,0
939651072,13839280695379234784,9205851868855533568,0
260159,17320914548499153664,3459046022888800256,0
939536384,4612108282435209152,9205885403926626304,0
26392305737728,4611967510650032064,2846541050607042560,0
2199425937409,16141041810703130304,2306106900594294784,0
6597472464902,13835621039601616640,3170754039994384384,0
26392440041472,6917951265877529024,9151876293325750272,0
1006761986,6917951265879101376,14918145238491987968,0
469764096,3458905268755130240,17546026347258707968,0
1100015071232,9225061092886056448,4143870209087766528,0
1006755847,13838998808041627416,9205918389275459584,0
26392305623040,9223935089902093792,3206812523827298304,0
4161007616,13836747111313706592,3963713059918184448,0
26392305819657,9224216496150941664,4602925109777268736,0
65543,14637387058382048,4323455642275676160,0
35192425201665,9224216487615012704,3963304013138493440,0
8321523712,9224216513327661440,2288076000820461568,0
491523,1689090410940896,3224823623801896960,0
402714630,4617034077360359360,4540160613787107328,0
2080446464,6917810554180476800,17942766426444005376,0
8053579776,13835339581801628032,864803287097081856,0
507935,9234349681220259832,9214641914530234368,0
939649031,10376363914530922464,7170284775666614272,0
2013409289,2317243716434660416,6773726116302553088,0
3221716995,3377905891541296,1116954286681489408,0
13195079069696,13835621039599518208,1153198598180044800,0
2013523980,13844909713833067264,1999877518022148096,0
24583,13843783831165878256,17401908960159596544,0
516159,13871931303002112496,1135039055009284096,0
15394840512512,281543704577024,6918089794945810432,0
1040248832,9223935089893719936,18411211156434714624,0
6597539532800,4612530495030312896,17978866691718774784,0
8321523712,13835339547444512736,2414076751471706112,0
61580972908545,9225060989808938880,9205919493149163520,0
28687,16141041819229110209,13871086852301127680,0
31,70936057847220208,1116925692936716288,0
1100551936015,6933714448719810432,9215489637995249664,0
8798106546180,4612108256695291872,8341225078440067072,0
469776384,6917951291660451584,18303081884961210368,0
3221520385,563396669866112,4972223582085054464,0
2080897054,6918373555663013376,3594153444773986304,0
2080501772,6917811035260329952,9043759145940942848,0
17594065108993,9225060989800547072,4540169392700260352,0
4161269760,13835902531885088736,18429276682234888192,0
13198367528960,2306265247449616320,9205906307532455936,0
57351,13851665731757809632,18429155186200018944,0
61455,17361590981236359664,2270359634386616320,0
268689420,4620974744201593216,2162000513711734784,0
196638,20266404514893816,3458764513820540928,0
3758374912,9223935038359339200,2522165332425048064,0
134246400,13835902737976926064,17294244781567770624,0
2199425970182,13835902514603495296,3314922008923340800,0
122892,9225061092890249216,9214505025332576256,0
4026556417,9225060955442906632,4593935502708572160,0
1879302153,13837028500384515040,2288390491210776576,0
516096,4612108256663306720,4468661545886285824,0
402714630,4616611847700744064,4467847913724182528,0
1006704648,6917810519813392768,2810569453962526720,0
245761,9224216513330814848,9205357638345293824,0
6598076602368,6917669790908686304,17006119967122259968,0
4161265689,13862924129548636096,9188468072644608000,0
4399053205510,6922454856945897408,9187888610488090624,0
229379,1688918592325368,4575797958896779264,0
8800120061963,3377837184651256,9219148812692488192,0
2013466624,4611967527770130176,1153167803264532480,0
30790486601776,6917951265890115552,18411272729085870080,0
469825537,2306054128584392673,10341373052163457024,0
402714626,13835902583295705600,2233996538588168192,0
6442704897,9226750148950890496,9214645762820931584,0
2013523992,6936036033145868016,7188651070510333952,0
268564495,17301001272063701456,14971059240075001856,0
3,17451523734511552,6917529027641081856,0
469821443,2306265247474782144,5116423443260112896,0
13196220110856,6917951257295458240,5008531663613853696,0
260127,16159337701243356128,9206468205218889728,0
3221340161,9223935021174227712,1981863111996473344,0
550007475200,2305983763943789440,10232802880822181888,0
2200029999108,9224498142945218096,8900018861265387520,0
939585543,13838154331631656928,18429791803432501248,0
129031,17296285500934457216,9152422810667188224,0
4161155072,6917951265936251840,4882355010966388736,0
1879293965,9225060989808936944,4449820329665101824,0
8797972316185,9225060955447100160,4602959207522631680,0
1040384,13835339581800579328,2270359569962106880,0
1073856513,9224216564893880304,9079397586267275264,0
7516708864,9224216513355980768,17924820197756108800,0
201391111,12698110264195155904,9152422814962155520,0
805429253,9224498142928438784,4323630465564016640,0
100676611,12683473582587650016,9152369991159382016,0
1879072768,9223935021172130304,1729452629412544512,0
4026671104,4611967510599697600,3927402764300189696,0
1006671872,6917810554172082048,3314900044460589056,0
2114190351,3458834891221245920,14340578349573734400,0
13196152889345,9224498142932764280,4575921112789024768,0
13195146170368,4611967544945805248,9187871018302046208,0
805429254,13840406097020591968,14916271616991166464,0
4026777601,9225060989800546688,4467851206856802304,0
201390083,13836747145689960320,8575711413064957952,0
805429255,13842657931196108672,9079815405786103808,0
805380108,9232942838935716096,288283154723110912,0
1610866719,9234349681221306336,4602943258161577984,0
52785013911552,13835621108327384576,4576217980928524288,0
6598109956096,3458905277081853824,18303064292506730496,0
1006761984,6918514430602906624,2306401595211907072,0
12885946375,16141886347188111104,4035438588425502720,0
1879253000,9225060955447099904,1729520809065578496,0
2013523972,4612108256665411520,5044445014059384832,0
63503,17325558898517090240,18376883321083789312,0
134279175,13838154520611004400,18411137489155653632,0
268564495,17307755632005219072,4468692467503333376,0
114719,9224498074217353208,2287828610704211968,0
245775,3483671655096112,16681333019780317184,0
2200030009344,6917951326071560640,18267662217115598848,0
1040448520,3458975632998275520,14340582747888680960,0
1879302159,11531044882557175712,4540186992536715264,0
1006759948,6945396201394013056,2234347299440427008,0
17593796689921,1688901432381408,4359730729899261952,0
61580972679168,9224216513330808704,9214873911483695104,0
134279174,4625479993099554752,5296727418034192384,0
4398986047488,4611967544945805184,4539874719289049088,0
134475807,16141182591015322560,4576185047120347136,0
2013736960,13835902514576228864,1153174400602734592,0
13196152811520,4611967785526890880,5693084300237340672,0
229379,3377837176274880,279223176896970752,0
537124924,13889523489048625344,1135171021100285952,0
2013474832,4612108256728848608,7025762761309159424,0
1006759948,16141886278461294560,9187871018302046208,0
3758604305,9224216513325565888,4539760373300985856,0
1879261195,2251937277805576,3512963848053194752,0
4161237016,2306054128331659360,18376408316088680448,0
268492807,9229565414078415104,864743908771528704,0
537128975,16141886484677402112,18438298737781506048,0
520252,13835902583304094208,1783704735908364288,0
13196152811520,4611967544949997824,1729940842908483584,0
469815298,4617034077350922112,4539808757181317120,0
17600507600896,9224216513327661952,2234064691129221120,0
402714627,4611967544950001536,9079762624530350080,0
35192827817984,6917951265891688384,7458930784393494528,0
52780584689664,13835902531755052992,4467847907550167040,0
1006702592,13835621073967646464,4323886668483395584,0
6598076504064,6917951291652048768,9151873011903627264,0
3299575191552,6917951257318531040,18213649824824164352,0
4026687488,13835902531783364480,7926876317180493824,0
2013523980,16141323337157058528,16699892808269430784,0
234945538,2306265238861778816,6774482565135859712,0
52777095036929,1125968630517504,4314448443020935168,0
1006893060,13837028620668768000,8935700223078957056,0
2013523968,13835902583320873984,3999476857454985216,0
3,16149837899302969280,11169771500808962048,0
7516700673,9224216513327661280,1117024664015601664,0
2199493079041,13835902583322972032,6557740261500256256,0
4398986272780,9238571788682661760,8052715416134352896,0
4026785793,9223935089893703936,576599299224240128,0
2013519896,9241949488409478656,3594151782890078208,0
2199526602753,12682277313970192321,13801210723692445696,0
253976,13835902531758195696,4593882726150438912,0
13196152872961,9225060989806838528,1981863127028858880,0
1006749700,2306054124095938496,18429222256409313280,0
3758612511,9256586736947955584,2269953852520267776,0
507921,9223653520422997952,2017630226053357568,0
268492807,9229564692513558520,9205850228144472064,0
2147729423,9227348089960399808,4467834728175370240,0
65974858608640,6917951266007563248,18438282240812122112,0
8456239104,3458975650125975488,9080365186564489216,0
1007024140,6917951300268199872,8034969304904499200,0
126984,2305983763947983088,10088590930891243520,0
98307,9224216513327693808,0,0
52780718907393,9225060989806839416,4576202587765735424,0
15,9224216513330810864,18374686479671623680,0
3299038316550,6917810554188865280,15998980553571303424,0
258063,6917740142479818208,18412934091558092800,0
30790486466560,13835902531754002304,2522178530054242304,0
939634696,13835339581800579200,2270091295567380480,0
2200030017536,6918514241665245120,16123945521453727744,0
16643514369,13835902531774975872,4539741674288447488,0
1074249729,9224216513351782272,4467830315364122624,0
1879302153,9225060955447101176,4602889925405179904,0
939651076,13835902531784413120,3999460358338117632,0
6598076657676,6917810554160549824,18376511669242167296,0
805826576,2305983759853822432,18356812818650497024,0
268492804,9232942289154740096,8349673709144899584,0
30790486335488,9223935055540257280,1162491121239064576,0
196639,9261089786819511232,4575660519943307264,0
134340623,9240823588519546648,9205865621307260928,0
126984,13835339581804789504,9205365334926688256,0
469823491,13836043269272772592,8034949530875068416,0
6599150344192,6918373504117120896,18429801750576758784,0
1879269401,9242512541437920256,4602951498056335360,0
17595944583169,1125968638903288,4602951506646269952,0
805363719,13849414155370496896,2161860866742419456,0
8322019328,4611967544949999360,1729661541319442432,0
4398180741120,13835339547454476224,3170780428273451008,0
939784208,2306124518562727432,3729539058402066432,0
61440,6917951360495271456,14951977151149113344,0
2013523976,13836747111326025216,3522095292121874432,0
939782168,13844909731009793984,9214576493588381696,0
122895,13844487492774922176,4593936608662650880,0
6442958855,9225342413254428608,9187842418517475328,0
17600507703296,4612108291025142656,4324009812242202624,0
469956624,6918373693114551296,2306404893746790400,0
13196152877056,4611967785525840352,7458224872158658560,0
1099712983041,13836747008227942144,6882582175833653248,0
61576811929600,13835902583306198912,18438175579594293248,0
15395243167744,4611967544976220096,18267094868847230976,0
13196152872960,13835902531754004352,9079757676392480768,0
8321974273,9224498142932632336,2008741780765278208,0
2013523968,4612530477723550464,2270093501033086976,0
470022172,6917951291652047616,4036349019352465408,0
1610629121,9225060955438711552,864743906623881216,0
61455,16168063408339951552,14971058075937538048,0
402780164,6917669790965831920,14844392163164291072,0
234944515,2306265247449620352,13800152959146786816,0
1610858511,9224216513327661440,1080995868070641664,0
245772,9223935089893704064,432363157487468544,0
201455620,2306265238865971136,4035717898874912768,0
939651072,4612530550761328176,18411625706678124544,0
1073864704,13835480280632922337,18411770807853252608,0
13195079065600,13835339581817360256,4467619209131589632,0
4027039775,9258838124570615776,9205629774150500352,0
939646989,9225061092886054400,2198000735507972096,0
1074265151,3458975748918349024,7476943018241032192,0
2013526028,6926747363226164704,14899015939486908416,0
201388038,4611967544945807104,9079423975620149248,0
2200030130176,13836746973874488832,4576215786200236032,0
134246403,13836465481770343360,17906735430401785856,0
8797972094977,9225060989825715136,2918543664768614400,0
1074233377,1125968634709952,1999668603296677888,0
268492806,13842094946882945760,504535115767218176,0
6599150145536,4611967544975165824,5548970211740221440,0
100727815,6918373555663019520,8719881473240334336,0
8800119758848,13835339547441893312,9214644113553489920,0
201455630,6922314153791062784,1729659367126990848,0
31,13853213199873875904,14700241764946542592,0
2199425970176,4612108256695291072,5045139920440524800,0
17594065248264,13835902506033487808,2810518848510361600,0
7697621645312,2306265247514632160,18429820390734823424,0
4161007616,4612530477729842688,3675216587993907200,0
4400060030976,13835902531805388688,8052996893258547200,0
8321753089,9225061092886054400,1729521899114856448,0
114713,9224498005490403312,4323596379764031488,0
245791,9251238111091885040,1134995073470169088,0
6599150145536,4612530494899228544,5044379047656685568,0
1879302157,9225060989800546752,2270086897520869376,0
1006759943,13840406131393961856,9079797809305092096,0
4026671104,13835621108327383552,1153140315473838080,0
469825542,4617034146076689920,4071814840111333376,0
8523872272,6918514310333335296,4161887923177783296,0
469825543,3465731307257470784,14340050618353975296,0
402714631,6917952090642857968,18429222256409313280,0
4027047944,13835480293581528672,7025892503681236992,0
100695043,2306265273224666880,15997850255215296512,0
52784879824896,6917669773749260256,3999475752708866048,0
30721,17307546664867741632,17978371911486275584,0
805355524,9228438637977274304,2738382100372652032,0
4027047960,13835902531766585088,4594234020115513344,0
469891086,6918373504117114624,8774065440616873984,0
275029018628,6917810536981729024,9079762624127696896,0
8797972078592,9223935089891607296,3170778237840130048,0
1040189440,4612249037108676352,3891538921942679552,0
1006891032,6917951265891684320,7836791142975799296,0
201390083,2305983763947995073,17907159842091433984,0
939651087,13852791030357689216,2234064706295824384,0
12291,13842657982764040176,8196551321814302720,0
402776079,9255461318077450232,2234031720812773376,0
13196152872960,9225060955447099904,2234064694350446592,0
3758374912,9223653529037572544,216322323211354112,0
939782144,6917951265883820000,7819339728779476992,0
1879269376,9223935038350952384,2846538853731270656,0
234883072,2305984829238297057,938934551609081856,0
2013392896,13835902531755049344,2162004914979471360,0
503433218,2306124535744696192,8863519473538170880,0
13198300295168,6917951265942806496,5116634547345162240,0
537131016,16158774751288361152,4468125018036371456,0
3758342144,9224216732401273216,6773941630916362240,0
123161945325568,9224216513327665088,9214645213065117696,0
13196153004032,13835902531817970912,5152664437433303040,0
61576811929601,9225061092898638848,9214645762820931584,0
1100014947328,3458905689528736192,16069912212939997184,0
49167,35467599441563632,2296843506540347392,0
4160778240,13835480293650210752,14376043069210361856,0
3,9224216496276905968,0,0
13198300426240,4612108394165702880,9440173807533817856,0
2013523996,13835621211419184144,4089830333300604928,0
2013466624,4611967544946855872,9214892603181367296,0
17595944157185,1126002990256120,4161326055690338304,0
6598076405760,2305983772537919936,5693077707462541312,0
117472256,12682277313986961312,18411770859392860160,0
1879203848,9224216513327661184,2161925748263223296,0
13198300504065,9227312892699739664,8998507616262946816,0
13195079069696,13835902531758202816,18411207857899831296,0
13194944856065,9225060989825714048,2233820599547854848,0
4161007628,13835902531759245296,9187901856167231488,0
8797972226056,9224216513327665088,9187896307069485056,0
939536384,13835902600603516896,18429714837618556928,0
2199493079046,13835902531758198656,4467988658057641984,0
13194542198784,13835902583297804032,9187901791742722048,0
201381888,6917951532225794432,14844928724838645760,0
32993872064512,13836747111326031840,9187623615300894720,0
469825543,3465660676527099776,7963329576824733696,0
2081421340,13835902583304095488,4575937597108387840,0
268443648,9224498142932632064,576526724611702784,0
1879564319,13851242892315074272,4575937597343268864,0
8456237056,6917951265879097840,2288382794629382144,0
2080634880,6924707696167357664,9133563939982934016,0
4026785792,13835902583306192640,2269952754417926144,0
1879269389,9239979369724641664,1081002455476469760,0
105561169453057,13835480293568159584,5152395057084497920,0
469825536,6917951257352085440,8755422087096565760,0
2013392908,6917951265894309824,7998946007591157760,0
1006753804,6917951265887488448,9728891229487235072,0
3221479427,13836043277837535104,4323728323038445568,0
8054095875,9227312892699739904,1729520799603228672,0
939581440,13835902531758195456,2017885316240637952,0
4400059781120,4612108256694765808,7350419962520928256,0
1100551866368,2306265238923647872,11169989255650869248,0
57375,13867427711965726592,4593921758813224960,0
503339008,6917810743268114112,16285042641924521984,0
2013786128,6917951265879097728,2017876532898299904,0
13198367911945,13839280420480356096,9214926696497545216,0
8797972160513,9225061092936392576,9187560943138111488,0
122895,13835339547472175072,8935634241912307712,0
67139587,1152991881973997504,18375746408880799744,0
52784880148508,13835480430989021152,3567131288764678144,0
8800119578624,9225060989798449408,2162004898068037632,0
2080839736,3513018828467998688,7476521851598929920,0
507904,9225060955447100928,3522094184557182976,0
30790352125953,9226749942758900736,9205919488787087360,0
123153355882497,9225060989800810480,4593948701143072768,0
805822488,13835902583306191616,1855763421941727232,0
1006884888,13835621073963451912,4098836430090928128,0
2080501760,13837028620666670688,9205911822270464000,0
1879171072,9224216513357029368,8647052022039707648,0
1610858520,9277978216698478976,2017893558752641024,0
251689987,16141323294269783937,15997902980368039936,0
26392439959552,13835621108327384576,3495073693820780544,0
983055,562984315257216,2269937357497040896,0
7516291073,1688884222100352,2161806989196263424,0
4027047936,4612108256694765808,2450125339163361280,0
6598076436482,4611967510587121280,5693108489493151744,0
134279171,6917951265908989920,18159569228720504832,0
3758604305,9224216513340245952,3711105738446209024,0
2199425970176,6917951704094744320,8520826988062048256,0
15397391112200,3458975632939556800,18375811305970860032,0
134230016,13836149041464875776,8647122390783885312,0
4398986137604,4625478309527947648,2738448058185416704,0
1006761987,17294244841763381120,18375810206593449984,0
4026679296,9223935021199394688,2161839971458088960,0
15393229903872,2305985421992551360,18374939367346012160,0
537387033,9225061092886054400,1756543496677752832,0
402714630,6933713855997544384,2846541059331194880,0
520158210,3458976470586110848,14917043497776185344,0
57359,16141323328515215096,9187765452300877824,0
805330945,9224216513355976640,4539751571839254528,0
15395243233280,4612530477721453056,3585144592225271808,0
1100014962688,2306265238924693440,6701848826736541696,0
4027461632,4612109321947328736,10125185993779707904,0
2013519903,13835902583297804032,9214926713811632128,0
1879564304,13835621073963451408,3585142387833307136,0
201357315,17298185457069211585,18376903112293089280,0
469792771,6925269641046527744,8936223640811208704,0
6598110021632,2305983763889784704,7783310897400774656,0
536985613,9233505350824246832,7457960982925541376,0
70377200021504,2305913390844346816,4594230184709718016,0
26390158139392,9223935021199396288,2702423663507931136,0
2013523999,16141323302733889472,18429273933455818752,0
4400059850753,9225061092902833664,8647190562518073344,0
1100014996482,2306265238891138944,5693513148695314432,0
4398851842049,9225060989800546560,864823077366661120,0
4400059789312,13835902583304097712,9187765469480747008,0
7696682059776,2305984734761591233,11494246178258681856,0
2013786143,13864050098157127472,4593952552654995456,0
469823488,6917810519851146112,14340343051937906688,0
402907148,9225060989806839544,4603171400381890560,0
1006751744,4612530477723550464,2288101315357704192,0
939651096,6953698587919777984,2288092506379780096,0
17600239140866,6755674335872248,4575657221408423936,0
4400059785216,9223935055536064000,4593882734740373504,0
469798912,4612249002769910656,3602888498526289920,0
2013523996,16141745540971889408,2288109018381549568,0
234912768,3459186743531551681,13331646656639139840,0
469817346,6917811035259801024,9187888604045639680,0
7516422151,8444764728856568,9214611128204656640,0
491523,1688959386911712,4467781936584065024,0
15395243167744,4612108248075472832,9187872130698575872,0
8053309441,9223935021178425216,2864555451264008192,0
26392306008065,9223935021174227712,4593952008267890688,0
4026589184,9224216513327669120,18375185658017742848,0
1099746520064,3459186752297664257,18158997483747803136,0
2080503808,6918514310333337376,9205918421487714304,0
1610866688,13835339556061978592,7133974488638554112,0
35190277685249,1125934270776288,1468243847266959360,0
234944519,6931884354545124960,4594788783861268480,0
402714624,13835902531767635936,8774070920995143680,0
8797972086785,9224498005493678848,576740028256878592,0
4399053207552,3458976457839624160,18411805992225341440,0
268562440,4629981943455286024,8773570626024636416,0
4399053148160,13835902583304095232,3567411685872369664,0
61573053816832,4611967510585016448,4593917910522527744,0
469886991,2305983772474998912,9079797838564556800,0
4161007616,6917669790902394752,16123945512863793152,0
503380992,3458905302854803328,17944456410444070912,0
2199526591488,3458975645944002432,18429785206362734592,0
1040287744,3458905259957034944,14971055902684086272,0
251688960,2306265238864928512,18304755341121814528,0
35188399104028,13844909705238416992,4575796862606376960,0
3758604289,9223935038413873144,9205603928949915648,0
2200029990924,4611967544950001632,5602971642939572224,0
2147737600,13835902531758195456,1009085601074380800,0
2013523976,4611967785494384608,3945399568476143616,0
1879056384,9223935227358873760,2756361309141336064,0
129031,17302689288630050785,18375671642090110976,0
805564440,13853916913096197632,2288109540220076032,0
6598076436480,4611967544975167360,9079775818804101120,0
2199157485568,9225061144444536576,4323701937175265280,0
939630592,9223935089891607040,576597099261460480,0
2080610312,6917810554163692288,1729661567089246208,0
805429261,9238571788691047168,2269926375265665024,0
134275087,13868553697776108416,1008874490278477824,0
2080389120,8070662630751875568,18375231837439000576,0
939587584,6917951291660451584,18428737371781464064,0
6598076438528,6917810554277991296,5476931300742922240,0
6597472432128,13835902583559438320,17888438457403965440,0
2013327360,13835902583371218928,18411137489155653632,0
503433228,2319565202091675616,2414360424934801408,0
1610858505,1689365313031064,4161396424434515968,0
2200029943808,6917810966540327920,9061770224440705024,0
939634688,13835902531767635952,2594601163831640064,0
4027047960,13835902514578325760,891852372249149440,0
4026785795,9225061402174037048,9214925588530200576,0
234944516,4612530546449319424,3999750642292752384,0
2080608264,4612530477723549952,864823086761902080,0
67172367,11545118390875594736,17177837316576641024,0
8796898336768,9223935107100313344,2882514876339585024,0
15395243292672,6917742066876822496,18429281630037213184,0
1,16149767852813860832,8070450532247928832,0
939651078,13835902514574133120,4467971082648813568,0
4026785822,13844346746696630464,432899735200727040,0
2013329408,6918373693118746112,8647965717141913600,0
4027052057,13835902531784417216,17276361255140982784,0
805412870,9223935021178423168,2161850972882599936,0
6598076526592,16141745540997062528,9205919497377021952,0
1040287752,2305983772474999168,4324016419244081152,0
2199962890240,13835902652076001728,7890552850642632704,0
4228847648,3458975632963936224,7170221005065945088,0
402780167,16145545427389259744,18429821516016254976,0
17600239616001,9225342481958178688,9205920038542901248,0
201390087,6924706691089957248,4468129412323213312,0
6598076413952,6917951291678269408,15853761403878899712,0
33618951,3461227445637626240,18304858712394694656,0
4400059883520,9223935021174228736,2017748972503826432,0
8798106382336,13835902531767635904,3927404959028477952,0
491583,36591781335271360,2287891282866995200,0
253981,9225061367776546800,4575692405780512768,0
258063,16141886347204890136,9205916190252204032,0
507919,9223935089893704448,864747207708999680,0
516159,13835902531754001280,2287968249217810432,0
1,13835339633354612672,16140901064495857664,0
4295475201,9224216564876707328,1729452076905267200,0
2080634888,6918021772123577824,5116436654579515392,0
57351,9237445888798887808,2522022388464355328,0
234944515,17294244833114721152,8936250002246729728,0
122910,13853916981813577216,1153061694352654336,0
4026949632,13835339663436287040,2522288477727358976,0
402714626,4612249002744742656,2161938944550240256,0
1006704640,4612249037108675584,2306334524734177280,0
2080442368,6917810536981725952,1729624165574508544,0
2200029990912,4611967510586066816,3314900022985752576,0
2013474824,4611967510650032320,4864224063150620672,0
4161216560,9223935089891607296,1855584217652527104,0
4398986059777,9225061157364829952,8647403891530399744,0
6597539532800,4611967751168987312,14699960289969831936,0
229407,1689056048055808,4602818457149374464,0
6598076463104,2306054141219184576,18411806017995145216,0
17593796706305,1126002992350080,3963326008202887168,0
6597271105537,9225061092898639072,9079749429988163584,0
503331840,1153133104827207904,18411827999637766144,0
2080634888,6917951265904795600,14971088926687625216,0
1006763008,3459186777831522288,18429222256409313280,0
805429248,13835902531817967552,2846538853731270656,0
13196152938496,13835902514603495296,7998928409096880128,0
4398516279296,6917951291677220736,9080246409243918336,0
469889054,8102468332326752192,9169864333553827840,0
201456655,1168754759826939712,14268309649303273472,0
8523345920,13836747111330221056,8197112089387466752,0
393247,16888636066760496,2296868795307786240,0
4161269760,13835902514576229248,2234004243894763520,0
939778072,13835902531755052928,4603153823228231680,0
2080501767,6917951300268199904,9215455583199559680,0
15394169427968,2305983755318730688,9079802206546296832,0
3299038255106,6917810760339951552,8755496871067123712,0
4400059785216,9223935055531868672,1153057848343658496,0
229407,70931900318877680,1143922001933500416,0
1006743552,13835621211419184128,4594170823966720000,0
2080436224,13836747008234227200,4575936503804329984,0
253976,13871933510687654272,1116961978967916544,0
13198367518720,13835902531783364480,9151849930883596288,0
507935,9224216564870415104,2287968798436753408,0
805421069,9238571788682658688,2233921761060061184,0
1006635008,6917810536981725696,2234031731550191616,0
24583,13835902531818754816,17870705533871194112,0
65543,9225061367803682808,8646911284551352320,0
134246407,6917810605726637616,18411625672318386176,0
49153,9224498967685898224,8205558521069043712,0
2013507608,13835902531783368640,5729108153748946944,0
3758342145,9225060989806838528,1729518600579973120,0
939579392,1152991882066801600,18266812294358892544,0
28675,13835902514702071792,17564320021721645056,0
4228905016,8070661651398664160,16700467853991608320,0
1879302152,13835902720759827456,3459043806282776576,0
2013294592,6917951257288116096,4251903823586525184,0
503380999,6918514310331239936,8323775871320064000,0
2080503808,3458975628707512289,13800122172821209088,0
4161220608,6917810519799759104,576707059953696768,0
402780172,6917951257412908992,14394050879240011776,0
805822480,13835902531758198768,9205603928949915648,0
2013519881,9225061006990378992,4575925508688052224,0
1879465984,9223935021170033024,432481918030708736,0
469882894,6917810554159499008,9187868832163692544,0
469823490,4611967510586068736,5693499937107476480,0
268558342,13836747145690226480,8034426133275475968,0
2199493081091,6920062354037153664,16069947405902020608,0
1006761990,6917951265904267200,9151851034555973632,0
2080380928,2306265247451717504,11386168583697465344,0
2199493048321,4611967544945807104,7782633603069902848,0
100695043,16141323328533045184,17979357073904762880,0
1100014996480,2306265479442865600,9007731426958770176,0
2114058240,13837028620662479872,9098396047952052224,0
13196220010502,4618160458346535936,8791306852253040640,0
6598076405760,3458905277090242432,18375679338671505408,0
114689,9224217527035371248,54043195528445952,0
537124895,13836043269243406304,9206414269019586560,0
503380993,3458975628669231040,17222719415582195712,0
8797972209664,9223935089891607296,1729661549775159296,0
17594199339009,13839280695391817216,4575936501119975424,0
4400126889984,13835621073963453440,2306102501474041856,0
939634688,4611967510586066560,4467773146933493760,0
2080583680,13835621108321095424,3386924623219130368,0
4398986039296,4612530958793445824,5314740141506428928,0
4161007616,13835902531758196480,9206481339228880896,0
253980,9223935021174227712,4467851205816614912,0
4027576320,6917951257288114432,576531129570426880,0
30727,17293892942260879296,18302633284217143296,0
13196219971584,3458975645874274240,18375792614541623296,0
1,17297974745975757696,18375671642090110976,0
3300615319553,13838999117289752576,7044191684560683008,0
507907,9223935038349902208,4594208181592260608,0
1057029120,1152992298684399584,14916480517757992960,0
15394974732288,13835621073967647744,7485544431131557888,0
4026953728,4612109321947852896,13943703014888964096,0
26392440090624,4612108256695291872,7134255978647650304,0
134279182,6926818234581661536,17924822396678701056,0
260103,17294315210457223040,8648028421651169280,0
2013519880,13835902514578326272,864823074950742016,0
4026687512,13835339556061190336,4864372497220370432,0
6597539534848,6917951291660439296,9079529527662608384,0
1099713017859,6920203065722146752,7998925110696214528,0
8797972094977,1125968634708480,1729520799670337536,0
17593796673536,9224216513326614400,2810773941650456576,0
2013294592,13836747008234227248,3711520261846073344,0
550259193856,2305983763885068224,9187835846814859264,0
61576677744643,9227312927061575424,2288108999121305600,0
4161155072,6917951291678265216,5693653856655769600,0
2013376512,4611967510616477056,3314895629234208768,0
469891086,6931462614521221056,9187609336816336896,0
491551,9225061092898770040,9187607122626478080,0
3299038252032,3458905277130088320,5621035502695088128,0
805560320,13835621108327383552,1720647749424119808,0
234911744,2306265238924697568,6737877623755505664,0
939646985,9225060989806838272,2233921767770947584,0
2013523980,13835902720793385984,9187622520017125376,0
201390083,13843783831106097088,9188436214523363328,0
1100014995456,4612530563620806400,15277225919681396736,0
52784611442691,9227312894897954616,9214503376065134592,0
3,3377938107469312,3458764513820540928,0
122895,9223935055540258800,9206342800763781120,0
4228904976,16141745592517789184,4576219131979759616,0
1040189440,2305983763882968960,7926731228487614464,0
268496902,13835902583304095232,4576215799085137920,0
1006893056,4612530546440929792,1405400175702179840,0
2114160640,3459186752058560384,7927318337632075776,0
2013327360,4611967596495898368,4540182578249859072,0
503380998,6918373693114551296,6972697057387610112,0
507953,13835339693534222432,7476521838714028032,0
4398516279296,3458977810754335169,11494294565360238592,0
2200030097408,9223935055531872192,8702011660509904896,0
8797032603648,13835902944134826976,3440996418800582656,0
1879308288,8070661698625734400,8071435762312151040,0
4160878592,3458976595143299552,14916454138203078656,0
4398986162181,13837028483213037536,9205853535269289984,0
126980,4611967545072697328,17978369712463020032,0
134246403,4612530477719359232,865201302924165120,0
939651072,16141886287177588728,7944895113333833728,0
2013788191,17294807851794958080,4035504559190245376,0
402681856,6917810554159513568,11007853020456157184,0
201340928,16145265017690536944,18177055861648654336,0
469764096,2305983901378548096,13691954418440732672,0
26392305655809,13837028483213041504,9187901792816463872,0
100793375,6981001686443624240,9205916190252204032,0
4398986080256,13835902531766587264,8034670224856842240,0
16493681055744,13835902583320874496,18267512718430830592,0
6599150342144,6917951266002845632,14394401642776625152,0
1006735360,13835621073963451904,4323911974229377024,0
1006761999,8075447701194945505,10341379679700647936,0
403175472,1189020683256463552,432890956086280192,0
13196152942592,9225061092898638848,6935823809937145856,0
402780164,13835902583295705600,1729624183559684096,0
805560344,9223935089891607040,1729443830031187968,0
258172,4612530546443027200,1729654944249675776,0
469815302,6922314119440762816,2810721171534774272,0
2080626688,6917951368970897280,4323983437921779712,0
2013523968,13835621073967645184,1585547460405624832,0
8797032574976,13835902583304095232,4575929900292112384,0
939784222,6944832134748046080,4594233496129503232,0
234911747,4612530477721456128,9188354842072973312,0
4026785793,9225342894334283744,8989449853566189568,0
15,27585698772025472,558471642561380352,0
4228061184,6917951291648903040,4540690570003087360,0
1610866700,9224216513327665088,7458208922797604864,0
13196153020429,9238571788682658560,2071936754616631296,0
1032209,13835480293518606400,162197788518514688,0
1611128863,13837028620649891584,1765479225529237504,0
8798106300416,13835902531787562880,4323558996637122560,0
13196153004040,13844347030295023840,4864164682006528000,0
939651084,13844909731012936576,4576149811207602176,0
0,35465881431574496,1170935903116328960,0
235011078,3458975628644589504,16682386364804628480,0
939581443,9226750148917333504,1729448228547461120,0
939597832,4611967510616475776,2738439262226612224,0
939651072,13835902531755057136,18429257440781402112,0
536993793,13835902531817971696,8133500927031115776,0
13196219955200,6918373504143335296,18411786235375779840,0
939651072,13835902583306192640,4035497949034184704,0
1610858497,1688952945770880,288263363379593216,0
469790723,6924706665349515456,7422481954605367296,0
4228364288,6917951291678265280,9188405385449439232,0
6598076444672,13836747008234227456,4540186989181272064,0
4027052048,4611967596495897600,3459043798229712896,0
13196220108800,4612249071472608768,3729541255277838336,0
4026654721,13837028637883252672,18411224351044009984,0
4160761856,4612530477719355648,576561915426242560,0
35188398874625,13836747145673180784,4593950900166328320,0
1006884872,6918373572844979712,3459323082370449408,0
245768,9223935021174227200,288283155931185152,0
2013327360,13835902583304097280,8250873796517429248,0
26390359504896,6917951360379916032,18375810180823646208,0
8322539520,13835902531758196480,1729661549909377024,0
234941442,2306265273220472576,18376881156420272128,0
4026757128,6917669773719900096,5117201899774279680,0
8800119570433,9225060989800548224,9187607124773961728,0
30794848925696,3458975633039441904,18429854507807539200,0
1074786368,16141323328507872128,8935700213415280640,0
245767,9225060989825728496,9214364837600034816,0
1006696449,16141886278587154369,18412859324364750848,0
1006694400,4611967545010298872,17870775902615371776,0
2199258138624,2306124535753087744,5620984916167622656,0
402706432,4612530477723553728,6449647247603793920,0
402714628,4626041843570706304,4575850741897363456,0
805380100,9223935021170032768,4468015085662502912,0
1879269384,13835339800874323008,7133851359979241472,0
805777424,4612108282435211232,8954246774747299840,0
65973247807488,6917951265935727552,14376025472729350144,0
1879302156,13835339581801627840,432481918702321664,0
3759128627,9223935038348854880,2089736198737100800,0
26392305876993,1688952955209696,4521886706911150080,0
402706434,4611967922941724800,2738302923187421184,0
5369741345,9223935021174227328,2270063805629202432,0
4398986158082,13835902806695876800,7422209264984260608,0
8800119971840,9223935038408629120,7485248119190323200,0
402782223,16155397128888256016,3585423888581394432,0
2013392896,13836747008234227456,2234062500695900160,0
235011075,16141745729973522016,9187897406581112832,0
1099981420547,2306124518564827008,8215555315148521472,0
8796898344961,1688918586034144,4035330823535198208,0
8456237056,6917951265877526496,9206448414009589760,0
13196220037120,6917951291648917376,18303187438077476864,0
268496899,13835903575563049136,9079802206546296832,0
2114189324,6918373555665110528,3459325298842009600,0
61447,16148078702304968672,18429820390734823424,0
201455630,6931463705539384192,2269921977286262784,0
4160757760,13835902583306191616,2162008196602920960,0
3221733377,9225060989798449408,864760397687685120,0
1879171072,13835902531758198656,9214575943832567808,0
52784879910913,9225060989798449664,1837608293460082688,0
100695043,3458905277140579200,11386168583294812160,0
2201103757313,9227313167695093504,9205919493082054656,0
30790486339584,13835621108321092352,18375811280066838528,0
403173439,16195225786546914176,1729661549909835776,0
402714630,13835902514578326272,2017856734038589440,0
234911747,6917810554163693504,4071746670121975808,0
1100014999552,6917951257289170912,14953041486994735104,0
234912769,11529637275744870336,17979354874881507328,0
30786728239105,9225061092932197376,9214926688041828352,0
13196018589696,9223935090021113848,8953648640421789696,0
13196219979776,6917951291660437248,9205919497377021952,0
30790553573376,2306054124069199840,16646280621299073024,0
31,18577382828933904,684679084755648512,0
67139585,11529355800742987520,8647456643392471040,0
507967,9224216487562838816,684683486560256000,0
15,9252085817381225456,2017735778364293120,0
537116699,21392579332149176,4305441243766194176,0
2013503488,9226750148908942848,4350722431938199552,0
30723,11537237100090884992,2594486828045172736,0
4228380672,16142871629880364544,4035497953530503168,0
1879302148,9223935089899995696,2234049323736236032,0
28675,13843783831102949360,9188398770998476800,0
2147811330,1125968649392064,4458669184213057536,0
2199224586240,4612249277681373952,4251404645307514880,0
939581443,13835902514578327424,4467847920435068928,0
127006,13853635506828476928,1783705844009926656,0
2200029943810,4612530494903435008,18411836795730788352,0
6597271105536,13835622070469277688,8106620066755248128,0
3299038252038,3458905268491919232,9188415280852762624,0
126990,4612249071472611200,7043636414344331264,0
469817350,6917951257288118016,5639287412493385728,0
805429260,13835339547504811968,14826343654024544256,0
549873269763,16141745815908519680,8935695823690268672,0
4398986047488,13835339547441890432,4539905503467143168,0
939782172,13835902540344991680,18411276042854465536,0
6598076526598,13840406320420752896,4575936501119975424,0
503379971,6925832728444145536,9079764884220018688,0
1099746564100,6917810554222424449,10018200248557502464,0
8797972094976,9224216513390583744,7133939311782658048,0
2013523968,4612530546449319424,3459325281662140416,0
196638,30399366210523128,4593741988662083584,0
469809158,2305983772474998912,9080365216629260288,0
31,16140971437538942960,14844356953022398464,0
234907648,6917951257352093568,18303627242460151808,0
4228378624,4612530546449319424,1189229594222264320,0
2013466624,2305984734584377728,5332758938465075200,0
268496902,13835902514578329344,4467737957729566720,0
4398986080256,4612530477727745984,4539733981800693760,0
100694019,2313020638302834560,18411770842212990976,0
3299575175168,6917810519798712192,9188451577621381120,0
15395243372552,4611967510617267440,7377441560285151232,0
402780172,4611967544945803648,864823086493990912,0
98310,1125968659619640,6917529027641081856,0
2080616452,6917951265879097728,4468132710858096640,0
3299575105536,6917953422082716128,18267131152730947584,0
26396601081873,9225060955447100160,1729522448870670336,0
939651084,4621538243910828416,4575934311223525376,0
234944515,6917810554173130656,8683927494551666688,0
1650324440064,2306265238860726528,8648028440173215744,0
3758604315,9225342413263867896,9214892616066269184,0
2013392899,13837028620651988736,4540186992402497536,0
469825539,2306265247481602016,14898999412452753408,0
8796495683584,9223935021172131584,1585517761780514816,0
939782152,2306265238884845504,3963396376947326976,0
234945543,3458975645849100160,18303745989447516160,0
3758604291,9225060989800547200,1081002465945452544,0
2147680286,33777409555433456,1134913703167131648,0
402714630,4626041843541348120,9205911809385562112,0
67137542,4638990225178099968,720712287337316352,0
2080897048,6917810554172081920,4035787133477191680,0
805822527,13854057667752888256,4539907713429147648,0
4228118528,13835902720755633152,2324313721960136704,0
201390087,1152991881942533056,9080312483020800000,0
0,5630120161976192,0,0
6599150213120,6917810554222418816,18303129163558551552,0
1015839,3377837184649208,2287828610704211968,0
2114451456,4612530546449319424,3459326381375094784,0
245823,3377837184651256,4593671619917905920,0
30787533541376,6917952228081808320,18429222256409313280,0
6598076405760,2306265238890094464,18123473361492246528,0
469825538,6918021638985891264,18303183041373143040,0
26392305754120,9223935021174227712,4035506193223909376,0
1610727425,9225061007039139712,4467709369219284992,0
61573053812736,4611967510585019520,5728913535895863296,0
805564424,6917669773719899648,4828153485763543040,0
805564440,4630122646589146048,1297265406133665792,0
2199493072896,4611967527770130176,4539848335304949760,0
114701,9225060989798450688,9214364837600034816,0
6598076526596,13835902531784413120,8034971503927754752,0
2013786112,13835902531817971648,17276901115216003072,0
268447744,4611969675452490160,8664925683060834304,0
939585536,13835621108321092096,1729593379249455104,0
17593796706307,3378112087723008,3458904703633457152,0
1006733320,2305983763888211712,3459259328278560768,0
8322019344,13835621108318994432,3513088101859721216,0
8798173460480,2306054124148899776,13763851483378352128,0
604108800,2306265273351552993,15889758366734483456,0
122911,9225061092898637368,4575921104199090176,0
491535,1125968630514176,2287968248680939520,0
2013409280,13835902806689582016,7133982191662399488,0
939585536,13837028500392904672,9188398805358215168,0
122904,13835621073963450880,1153202429827743744,0
1879302169,9225342464777261048,8061707222226305024,0
26392305606656,4611967510585020352,9187888610488090624,0
4400127021056,4611967510586072960,14844373445763923968,0
7,9237164345138487280,6917529027641081856,0
4398986162176,13836043277959184320,18375245035873501184,0
469866500,6917951265877004224,5116423443260112896,0
8196,9223935021205690128,13222849980936486912,0
4400059838464,13835902531818758128,9079802210841264128,0
8321757184,4611967544946852224,864827476218478592,0
2013337600,6917951300251426496,8575337490662031360,0
3758342145,9225060989798449920,1729514202466353152,0
245784,13835902583295705600,3585001642828759040,0
30788405964801,9225061092886054400,3459326381173768192,0
1,1126166328909312,3458764513820540928,0
13198300426248,13844909731009791616,4467773707393171456,0
52784880476160,4612530546440930816,4593951999543738368,0
4398986158081,9224498142945216000,4323910841029099520,0
6599150350336,6917951781405200576,14394053078263267328,0
63488,8070661664266522528,17872394383731458048,0
3299038238720,6917810554165266304,6342123866629865472,0
2013507588,13836747008234226432,1765549600850051072,0
4026785800,13835902531805396864,18428736272269836288,0
32989576826880,13835902583304097280,7053198883010117632,0
35192425463811,3377905904124928,4593811257894633472,0
805429256,13835902531755970528,7350349593776750592,0
8053112833,1688952947344368,2017876520147615744,0
469825542,4617034077350921984,4540162817373765632,0
939782158,13835621108327383552,1801716944521396224,0
4398986039296,4611967510648983936,5260696954567917568,0
4398986076160,9223935021170034624,4575903516308013056,0
4027576336,4612108256663831520,2270091305767927808,0
2080577536,2306265273224659456,3459254929829396480,0
8797972324366,9228720112955035584,9205906857288269824,0
13195079061504,4611967957392692096,8863097260804669440,0
2081359904,3458975628643536704,5116438853804097536,0
122911,9243075353956583024,4602942701963313152,0
939651074,13835902531783364480,4467850112747438080,0
402771980,4611967510650030304,4954294954139582464,0
4161269768,16141323302733873600,9080380583485374464,0
1006737420,6926958456543907712,3314858248254783488,0
4398986096646,4616611882062578048,4467847911576698880,0
516112,4612108256722558912,18411244141783547904,0
805560320,9224216496276783088,18437736874454810624,0
503380998,3472697645441486336,8683993467128381440,0
4398986158081,9225060989806838272,1729659335182647296,0
1610858505,9224216513327661280,1008929468275752960,0
126991,16150330536479170544,18375231837439000576,0
3758612509,9231817351414946200,9214900312647663616,0
6599150213120,6917951291681423232,11458220739971252224,0
1099713017859,16143997409563778944,18375755230743625728,0
3758604289,9225060955447102976,9160338134880223232,0
13195481726977,1126037354185216,2017696200240660480,0
6599150270464,6917669791017746368,18429827013574393856,0
805433356,6944622097956867936,9187622522231717888,0
1006893064,6917810536983823104,1729608773217419264,0
3299004684288,6922454856916534240,4323983416446943232,0
939630596,9223935021170033536,4539892311475093504,0
2013388800,9223935021200969664,3891242022664667136,0
65550,1126020199352832,3458764513820540928,0
4027052060,6917951265908985824,9205903011145056256,0
469825542,6922314136611193600,1153194213823741952,0
1879302156,13844909731008741760,2252053813890383872,0
65543,9240261291480843320,2810510050269855744,0
17595944157185,9225060989800546560,864955015406551040,0
939651078,13835902531758196672,4576191614124294144,0
8053571585,9224498142932632064,1855622688211468288,0
4026589184,9224216496150937856,864827476352696320,0
1006735364,4616471144573174016,576737861445877760,0
24577,4611967527796874800,4611686018427387904,0
469889038,13844910349496616704,4594234052327768064,0
939732992,6917951265906364352,4828723048892858368,0
4398986047488,4612530494957947264,7422178480806166528,0
2114189312,13836747111326026752,6945041024234291200,0
31,34903378207182832,2287836307285606400,0
63495,17298466931995576192,18429785206362734592,0
2013392896,2305984184852679104,7485527968521912320,0
4026785792,13835481324443152624,14105832600937431040,0
6598076430336,16142871629880364096,9187901798185172992,0
6442958851,13835902497395311000,4575929908882046976,0
469825539,16143575102610480000,5117056776990621696,0
1099713015815,6917951265892212704,14953043686017990656,0
503379971,3458975645956585921,18411777405728325632,0
1006759950,13835903408057368448,17852277169300963328,0
6599150268416,13835902531755057088,18429854475595284480,0
805826588,13835902531755049344,1135187513774702592,0
8798106411008,4611967656679446752,5062592451328344064,0
13198300286976,4611967665234250624,4179559257013747712,0
6,71495503085306848,576460752303423488,0
30788338921472,6917952228082327520,9187610421161361408,0
2089087,13871509090537046080,4575901320505982976,0
2080634892,3458975645841235904,18375810180555210752,0
2199493081091,6917951291653103488,18303750388030898176,0
469792769,6918514241706139392,18303154452191772672,0
939634692,13835902531885088704,16105401132569853952,0
268689432,13835902583306194912,8097755254289858560,0
13198300438529,9226750148917332992,3486067038416273408,0
1006733312,3459257120933295041,18375785991299399680,0
1611120641,9226750217670364160,4602818457149374464,0
13195079069696,13835902514603493824,3296882321646419968,0
1879302156,13835902514578325760,648654702694629376,0
126976,6917951497870774576,15565425474610921472,0
61576677801991,6755811808250928,4593810158383005696,0
0,15762807060832240,0,0
13194609307648,13836747111326026752,3567123591277314048,0
2013523992,13835902583297803136,4603188468581924864,0
61581106884608,9225060989806838528,4594172464644227072,0
1040447544,6918373555663013376,3459326381307985920,0
30786459807744,13835902583306194688,4323734918229131264,0
4400060243968,9225060955447100928,4593951999677956096,0
12288,16141887317970010080,8935352766935597056,0
805822521,9243075388316320656,2297098597532958720,0
13198367404032,9225061092898638848,7476530647691952128,0
6601297629184,9225060955442908672,9079696103875543040,0
1879253000,13835902531755049088,2162004904510488576,0
26392440287232,6917951265877532608,18411825809204445184,0
503375875,2306265238891141504,5044726522858962944,0
105561437777920,4612108282438354688,4594233470359699456,0
1477177404,6971994736342605792,7476254664904671232,0
201390087,12689103064940420160,18304379372569624576,0
1100015007751,6922454891279419136,9153564172456296448,0
13194542194688,9223935227359398656,2882514867749650432,0
1040287756,6917810536981725696,1153130428459122688,0
2013519896,9223935089891607296,576599307679956992,0
1006759936,4612530494911809024,1153198595227254784,0
4400126957568,2306054128463788513,9710851529325412352,0
469798912,6917951506460708032,2738452462674378752,0
4398986145792,13835902531754004352,9151848818352848896,0
8322015240,13835480422398559680,2233915157749170176,0
4398986145796,13835902737976400832,9187597227223154688,0
1006759948,6917951265879100864,9079815413570732032,0
8797972144129,9225061092898637312,3458903056043737088,0
126991,16141323328565551056,17419929955738845184,0
2013405184,4612249827453965056,8367704600328798208,0
503445510,8070872804946362304,18375803583485444096,0
3299038215168,8070944204512573936,18411260666670219264,0
1006761996,6917951265904267136,7926876334360363008,0
469823491,13835341471851495296,18086462700791013376,0
939651078,13835902531783364480,3414263992594464768,0
939646983,9224498417930477552,7457969779018563584,0
516120,13835902531759244272,2234313210821869568,0
1879302173,9226750217636808192,4602959750835994624,0
1040447502,6918373555679792672,9188460375861886976,0
57348,4612530477721453312,9206202063275425792,0
234912769,3459186743468625792,8936249971645087744,0
503379974,2306265341950428160,2594634166360342528,0
260120,4630263435622351360,1152999578388332544,0
1879269392,9225060989798449680,2296958955261263872,0
4398113624064,4611969194344329200,18410715276690587648,0
30720,3458905259931343040,9548686741188116480,0
2199493081091,6917810554189913984,18375229647274115072,0
805396492,9233223695414070656,2810514455027253248,0
469891078,8070943173589876609,18303750413263831040,0
1610727425,9226750148917333008,9219145514157604864,0
1006761984,6917951291652050816,9188398831128018944,0
402780168,6944972863655907264,9151529947498545152,0
0,7881340216938240,0,0
1610858497,1125968638902816,828798674099240960,0
3758604305,9225060989808936832,2269945605981732864,0
134279175,6933714689221726176,4540173798263226368,0
402911260,13853916981807284992,1729661548970377216,0
26392439828480,13835902583304095232,3585144586856562688,0
6598076502016,4611967544975167360,4575874933300658176,0
30720,17293963332393377664,18303486504971796480,0
61447,13862363069431156608,1297049887090688000,0
6599150211084,4620974709839759232,4539895610009976832,0
369130499,17301915962579099520,8936258826257039360,0
3,13839843147195105168,7025615418697973760,0
4399053182980,4612249037108675584,4053800441870286848,0
4026540032,13835902531755055232,4323508420444422144,0
2199493046272,13835621039626784640,3386966408821735424,0
17113806848,16141745540971889024,2017893025639825408,0
8456232977,13835902600483966720,4593951995382988800,0
8800253779968,13835902514578326272,4576219089030086656,0
491551,1688952952062464,2287898429692575744,0
1610870791,13835902583306191616,1729465827847503872,0
4027006977,9224498074225738752,4035365454863138816,0
402759692,9237445820052145088,2269926368823214080,0
503445507,16141745592517789232,3963721840978821120,0
16494754803712,13835621108321099712,9205888702461509632,0
114751,13835480276338737344,2270094587659812864,0
1006759936,13835902583354429312,8917551673681903616,0
15,16176859518543597536,9206342800763781120,0
549990726659,3458905277199302529,11458254790404866048,0
3758219264,9223935089893704448,1729520803428433920,0
1879564337,13836747145673180672,3513088086693117952,0
8322015232,9224216496150937856,864830774954688512,0
12291,13835339581830733792,17293822569102704640,0
1610866704,9242230894658322944,1729487818482253824,0
4026941456,9223653529039671240,2864555444821557248,0
939634700,4616471144573174528,2161949931881889792,0
229383,3940890221486072,4539628424389459968,0
1073987609,1688952943677184,9214505575088390144,0
8321785856,13835904662315217120,17204297033834299392,0
2080888832,6917810554160546176,2270086921143189504,0
8797972193281,9225060921081071488,4575936501656846336,0
1879171072,13835904662323344376,9205603928949915648,0
1880088688,9224216513325567968,9205634723328557056,0
3299038251010,2305983806898180320,5657048906148610048,0
3299038231552,6921892972245557232,18267657818800652288,0
2013409280,4611967510635353024,4828008341638742016,0
402714631,16145826928131051392,9152409582167916544,0
469823488,4612249037108674560,1153198598448480256,0
49157,1688985183193344,5188357876963344384,0
15,13869257282135524320,4377709944036655104,0
402694148,9228440544993086848,1080918888297791488,0
32987429220352,13836747111326030872,18429290426130235392,0
8800253784064,13835902583304096768,4594180693801566208,0
805322752,9223653529012405824,3314842844086140928,0
8798106427392,4611968026101166304,9710870233907986432,0
8456187904,13835621039601615104,864827484942630912,0
4398986080256,13835621108327386624,9151875193881231360,0
2013323265,9224498142945215488,3566987247540502528,0
15367,11536392709520492032,4468688037244567552,0
52778168778753,1125968641000896,1567375817774727168,0
13194273759232,13836747008227938048,4323679942647742464,0
13196153008152,13835902583304095232,9187905090277605376,0
402780172,13844909713833067504,4603206610523783168,0
30720,2305983755291985792,8647052022039707648,0
4400059920384,4611967510636404608,9079507537430052864,0
2199493048320,6921963349713891568,14917030286456782848,0
402714626,13835902531763441536,2738637202639552512,0
939765760,4612108248075476864,5621024498787549184,0
15,17293928126515781600,14123781012643119104,0
31,13835198797073616832,8935141660703064064,0
469825538,4612530546440930048,8935660656363831296,0
503380999,3472698135056224128,9151868622447050752,0
28679,13852791081959563248,18375179060880867328,0
1879175168,13835480319301519104,3459257111135911936,0
402780172,4612530477723550464,576566312399503360,0
8796898353152,13835339581801628032,4540719178578919424,0
1610833932,9223935038349902080,1009083402453778432,0
1,9228438655217966360,252201579132747776,0
503371776,6917810536981733120,18429714837618556928,0
1649787554816,2306265376362601408,15691596650101342208,0
258056,6917740146760105953,18429820390734823424,0
2199962836994,9224216513326613376,9079745034357571584,0
516124,9223935021174227736,1144187016448049152,0
234912771,12682558788976254912,14917019308520374272,0
8797972160512,9223935089899996672,3585423863883759616,0
52777631973378,3377905893638912,2269953850171457536,0
4027047936,4612108256663838400,9214645762820931584,0
2199962841090,4612108248088055776,4503863514456129536,0
1040251904,2306265324770559488,2306397231256698880,0
137447571463,3413367301738464,9187871005417144320,0
4026785793,9225061092886054400,1765550695932493824,0
15395243364360,13835902995673386880,4305658955658428416,0
4026785795,9225060989808936928,4450085859575726080,0
8797972078592,9223935021199395200,2522138938777272320,0
939554816,3458976195707679616,16069338250824646656,0
201388035,6920203057118584704,5747690462899077120,0
4160757760,13835621073967645184,1153057860691689472,0
13196152811520,6917951257419202528,18213050573807157248,0
13195079069696,4612109081429155824,9205568744577826816,0
4027047951,13835902583306194936,9214926688041828352,0
268558343,13835480293780242368,18374834913942700032,0
8798106296320,9223935089893704448,2162000500021526528,0
3758243844,9224216513327661248,2233921758107271168,0
3758145537,9225060989800546752,2288092499937329152,0
469798912,4612249002745268160,2882514867749650432,0
4161007616,13836747111309247488,3458975628508913664,0
2080634884,3458975633069588416,18411246340806803456,0
6598076461056,13835902531783364544,9206420883269222400,0
555039,16141041819167231872,3315184796564455424,0
939548673,9226750217637203192,4539874714994081792,0
402780175,6931322967950361472,2161846581546975232,0
8053334016,13835339547452902624,2414076742881771520,0
469825542,6922454891276272000,9188468070295797760,0
67172358,2306054399045673408,18374686479671623680,0
503379974,16141745592568127360,15997801825700937728,0
2200063555584,16141745541097734016,18375116388852301824,0
0,15762736168177408,0,0
8456237073,13836747145673180928,9205920038542901248,0
26392305852422,4612108256663834560,4539901110789341184,0
15367,17301070884767794944,8648019622336921600,0
16107143171,563001525538784,3585001646586855424,0
2013519878,13835621108319002400,8755063647916523520,0
1610866688,9224216513330822912,9214381330274451456,0
4398986145798,13843784312168648128,4575928807357153280,0
8798106361868,13842657914019385216,7800796414442733568,0
1880088576,13835902514574131456,577022628515020800,0
8053374977,1125968638903056,2287960552099545088,0
469823490,13836747008234227200,1945827732940128256,0
117454849,11529637310139216864,17908425379773677568,0
4161007616,16141745729973519872,3495072595114459136,0
939634688,4611967613795316608,11223955433825763328,0
117454848,2306124518814410496,16429144635323973632,0
6597472432128,13838999220418255712,8701447061289041920,0
939646990,13842657999928690400,3891373975871160320,0
4161265695,9240823725960465920,9214927254910402560,0
1100015048716,6926817753418432768,8935556204436914176,0
4402274506752,6917951300368871905,14953048075474567168,0
1006688256,3458905277205593984,11386164185248301056,0
234944515,6917951291677220736,18375121886544658432,0
2013769776,6917951257289163648,1729595579278819328,0
503379975,13835902531816931264,14916984154615709696,0
1879308288,6918373555663013376,3459043806416994304,0
536985631,9258838536822333432,4593777173034172416,0
1006893068,6917951265979776896,18429290426130235392,0
16391,9223935089952563184,8070450532247928832,0
4399053150208,3459186829377408512,8287168680719024128,0
6599150274560,2305983772472917888,10305333285798019072,0
4161007624,13836043269247599552,9187904020830748672,0
1040448568,3477201150566997888,18159638524729491456,0
8800119775232,9223935021199394688,4467710470475743232,0
3299541635072,6917810519830171520,7926871918731329536,0
2200030015492,13835902600536399616,9079782415605432320,0
3758342145,9225060989802383352,4323701937175265280,0
4400060014592,9224498005493679616,2297116189719003136,0
1006761991,2319494571355544640,18303539313473748992,0
8322539521,9224216496150938368,2162008205125746688,0
4026658816,6917951291652047616,2162000530086297600,0
469825543,6933714689206517952,18303750419706281984,0
26389218598912,13835902514578329472,4539841729645248512,0
503380999,3465731045267081184,9152405222776111104,0
1879564313,9225060955447100288,1135020360089993216,0
2147999744,13835339547472169464,7350349593776750592,0
805429252,9224216513391103984,2450222086522667008,0
61573456478209,1688918642663168,8061694021644320768,0
1100551945218,6917951300368875457,10341373082228228096,0
3299575330831,6931884302999225088,9187905102625636352,0
4026785793,13836043269247599488,1729593379786260480,0
4027047936,13835902514578326272,1729661549976485888,0
3758604299,9225060989808938944,9214579792123265024,0
245775,9225061127262572536,4539628424389459968,0
1073987593,9224216513340248060,2594319684559962112,0
253983,13844487492838367216,9205621521135960064,0
100690947,3461227428522761600,13692002796415483904,0
2080632844,6926958490907838336,4387067904143654912,0
402714631,2309361472220696448,5044423021679345664,0
201388039,13835902514578326272,2161969722285883392,0
2200030015495,13836747145689960192,9214892053425553408,0
8456761360,16141886347188110080,2017893025639825408,0
14339,17298185491505233904,17871268483824615424,0
32773,1161221734930528,4539681200947593216,0
1879171072,13835902531758194944,2234058124124225536,0
8798106365952,4611967510593406912,2846541050607042560,0
2013470744,13853916895904792768,4575929915324497920,0
6598076510208,13835902737938647488,5134453243790753792,0
15397390790656,13835902514578329472,7926876312482873344,0
0,7951706994773888,0,0
122884,13835902531755049456,9205850219554537472,0
2199224588288,6917951781338618240,7782747930267484160,0
1073987615,9223935021176063996,9079784622950187008,0
57344,13835902514574139328,3521814908603727872,0
1074249743,1688953004494840,4449626800586227712,0
402780164,13835902583304101392,18428760461525647360,0
2199157481472,9223935021199395200,3098546912375078912,0
13196152811520,4611967510648983936,5693049107342426112,0
2200063444992,2306265247510444992,10305342081891041280,0
7698695444480,2305984176331956160,18375221941834350592,0
503376898,1152991882005451200,10305328887751507968,0
1879302171,9225060989798449920,864759302202687488,0
805429257,1126106073662992,1405395777655668736,0
65974858932225,9225060989851017208,9205885408221593600,0
4127,16212896871544259520,2161795991798308864,0
67139591,2306124535759380352,17547997771607310336,0
939569152,13835902583304095232,3459309879909416960,0
15,13835480319293132288,18428729675200069632,0
7,13852931769998512096,9151807024026091520,0
2013401088,6917951265908459712,5512935917230227456,0
30720,6918374380416286656,13943146645362311168,0
4398986145800,4611967544946852224,4467850114894921728,0
402776070,13841250607855305472,2017889723145519104,0
57375,13862642706091610048,9214647412088373248,0
67139591,16158211835700453248,18412927528445411328,0
65567,13870946140649168880,9205357638345293824,0
507921,9223935021199396800,3566852554144874496,0
2013523982,6931462064761212896,9215474274897231872,0
2013270016,4612530477721453056,4035497945812959232,0
2013523968,6917951266009657584,14844392137394487296,0
2013786132,13867427729146642624,432907446814507008,0
1611128849,9224216478965827552,4593935517740957696,0
13198300426240,13835339547471252928,7422200471038722048,0
129052,1153132619531041920,11242092978711330816,0
469815302,4617034352226731776,2017832544782778368,0
117468161,3458905277098631040,14844532935012384768,0
2013491200,13835902669324040672,8989432246347759616,0
234912769,12682558814812127201,17294666994032836608,0
6598076405760,4612530546449321856,17799076749502316544,0
1610661889,9224216478965827520,4539760367932276736,0
201388044,13836747111309247488,3738266966670966784,0
402710540,13835902531754000512,2017735784806744064,0
61447,13903459824703636352,2287896780425134080,0
956363776,5764889049615580928,17798241120530989056,0
939646976,9225061092898637312,8512101263381364736,0
52780316278785,1126002992357120,4467578527067144192,0
4160755712,3458905302854796032,1153145821085040640,0
26396735823902,13835902600486064000,9205920038744227840,0
1879302147,9227312927076261824,9187839669402861568,0
2201137580032,2306265238860734208,18303700926650646528,0
402911261,13836747008234226432,1783563998957273088,0
3,16176652561261004544,9205647359659212800,0
4228380686,3458975650184437728,18411812606676303872,0
469823490,13835902514601398016,4323613972755382272,0
4026933248,9223935021172130048,576740041678651392,0
35188398682112,16141323302732304352,9187897397991178240,0
1879564304,4630123187749257312,4539905509372854272,0
3758604313,9234068326517317136,9214645762820931584,0
35185982717952,9223935003989118080,3314856040373157888,0
2013523976,13835902514578326272,864970421454241792,0
61580973162523,9227312892750335992,4602959744393543680,0
30723,17294033701171642336,18159569228720504832,0
134344719,16141323302733881312,18438827615759368192,0
67139587,16149627046504435648,8863583270982385664,0
30790553440256,4611967544945804160,4576184999874658304,0
2199493038082,4611967527765936000,4107634729652584448,0
2013523976,13835621108327384576,3477059296250822656,0
13196152860672,6917951291652048864,9080312397121454080,0
1006733312,3458905268495058432,6918373485857210368,0
6598076502016,6917810554185715584,7998920716676235264,0
536887297,9225060989798450112,1837679754199695360,0
15,28147566403127288,2287828610704211968,0
805822512,9223935089899995648,1999878614312550400,0
126976,4612249037125455360,4899932887253516288,0
4027047952,9223935089893704448,2017893023760777216,0
4398986158081,9223935021170048256,15880253049923436544,0
251683840,3458905268491919104,11386085020411101184,0
1006667776,2306265238877507456,5693042518795485184,0
8800254177280,13835902514578326272,4035787683434332160,0
1879269388,9238571788680561408,684659302002065408,0
234944519,17301070609889894272,18304823631504474112,0
1100014979072,6918373555663015680,4576110237378936832,0
30,3940752782527544,4575657221408423936,0
8053252096,13835902583306198912,18437744571036205056,0
3221340161,1688952945770976,2017858936551505920,0
1006761996,6917951291653099488,9188451577621381120,0
13195481735169,9225060955449198560,4089479567884943360,0
15394169425920,4612530477723551616,9187838037248180224,0
26392305754113,9225060989806838528,1729521898645094400,0
13196152934412,6917669773720948704,7170286975763611648,0
1879253000,4612108256726751680,7133855749435817984,0
254012,13835902531754000768,2017891914115710976,0
2013388815,13841532374948519808,9187606023584612352,0
126988,13835621039599518464,576566312936341504,0
939585536,16141956660149895040,18159041463139172352,0
2199493054464,4611967544945810560,18411108914738233344,0
254015,13835339547440841088,900999214312456192,0
13196152999936,4611967510650030528,7458227071181914112,0
30786728259584,13835902531784413152,18213612424248950784,0
4398986162176,13835902514678996736,9079289834396188672,0
2080618500,6917951265877528544,9187897409802338304,0
268558348,9252082690662859888,9214892603181367296,0
4398180806656,13835902514578329472,7926827933971251200,0
268492806,13842658206085550016,7908568885534654464,0
2013392900,6917669790929657840,14304329684588953600,0
939634700,4620974744200545024,2017691798301835264,0
4027047984,13835339556093172192,13961714647976378368,0
402694150,4616471110212388736,3963699836116533248,0
4228057088,3458975628661374913,18375748607904055296,0
1879056384,9223935089918871488,4107496165551898624,0
3222265873,13835621108327384576,1756543494530269184,0
1879564304,13835902531768420344,3891338783982878720,0
6598009348097,9225061092936392544,9187567540207878144,0
28674,4611967527763853296,8070450532247928832,0
268492806,4616471659970297984,432398348302745600,0
15395243364352,6917951257352085376,14339993385765437440,0
6599150350336,13835902583295706624,4576219086882603008,0
1611128864,9224216925707442400,7115960093350297600,0
114693,9225060955497832432,7169730606773829632,0
1879302160,13835339581813165952,9151321039953723392,0
63491,6918373693148116992,9151383712049397760,0
1611120688,9224216719515452896,4350723543529422848,0
2013671424,4612530477723550464,1729804486420987904,0
2013466632,6917810519800807808,2017885321340911616,0
201357315,2306265238886948736,16123942222918844416,0
939569152,13835621108327383808,1729659346725371904,0
65542,1125968689238008,0,0
1879187456,13835339547439796032,7134014087163281408,0
7698695327744,13836747111326030848,18429185972525596672,0
2013526016,6917951360379916032,17421047092838662144,0
245791,9243075525755274752,2296975447935680512,0
4400127145990,2306265247518834048,18159067853297287168,0
402763780,4611967545072689024,9214617725274423296,0
13196152999936,6918373504117113600,9188466992259006464,0
4398986145800,13835621073963451904,3495072601825345536,0
134344716,4620974727024870144,1729654946397159424,0
469798916,6917810554176278400,7782484040497496064,0
26392305623040,13835902531766587328,9187839119647047680,0
1099712985089,4611967493410393856,5476605845301100544,0
98319,10696255299063792,9079467955011452928,0
2080446468,6917951265877008320,5116528996376379392,0
201357313,3459186984116829664,18195070260158136320,0
26396600721409,9225060955447100928,4602959744393543680,0
4026556416,13835339547454475712,7134249381577883648,0
258062,6917951291710775040,18429011150176780288,0
6599150276608,13835621108318994944,1279302678228238336,0
2114030592,2306265273224675072,11241978646010789888,0
4026789889,16141323337122975680,4540169396995227648,0
6598076403712,4611967545076883392,18285143901972987904,0
402714631,16158213716992590208,2162004913570193408,0
67172354,6917951257289164672,9153495873886355456,0
2013392896,4612530976067173856,9133845402074742784,0
268689432,13853916930264535024,8061971111459422208,0
402911247,16141112183614873536,18411809290760224768,0
939626496,4612249037112869888,3494870280679981056,0
6598076405760,2305984872219944512,10304790107726544896,0
402780166,6918022154373044416,14844955117412679680,0
24583,13840406114264423360,8133500927031115776,0
8800254255120,13835902531755835888,4540182584692310016,0
2013507584,6917669791030326208,9764898032045785088,0
1007130640,2305983772472905536,4828030330797555712,0
134279174,4621538243913974016,900759511650926592,0
8054104064,9223653529012406208,2233917359792324608,0
6598009298944,9223935055540258800,4594093849562841088,0
491523,562984315256960,144128383289196544,0
2013523982,9225061092886054720,2270091298251735040,0
234911744,3458977776394592736,18303719601168449536,0
8797972291584,9224216513327669184,9205909593182437376,0
469825542,4612530477729841920,2089947330873655296,0
31751,17325558898503983040,18411700439109074944,0
4400127088648,6917951257292312512,18429715937130184704,0
3221733393,9225060989800546688,864726316988203008,0
507935,9224216513327661248,4603232981622980608,0
8053506049,9225060989808943072,18437738523722252288,0
2080503808,6917951300264017888,18429785206362734592,0
17592991375360,9223935021199400944,8647403865760595968,0
100695043,12690440088261237216,13765243490734702592,0
1006891022,6918373504114492400,4467834745354452992,0
536993807,9223935021199396736,3314908815052259328,0
13198367528960,6922455896369934784,14917045696799440896,0
4027047937,9225060989800547072,1117032353114357760,0
3758219264,13835902583304095232,3459041591824482304,0
2080634894,6918373504117113600,4594232435272581120,0
8053186561,9224216521947484128,3729218002080497664,0
52784879886336,13835340105836403520,2846547646603067392,0
939552768,6917810519862677888,15781118869923430400,0
1879302173,9225060989800548344,4602925122662170624,0
201349120,4612249037125454864,9206202063275425792,0
2114190366,8088887263513021440,3459263726392500224,0
402694148,9228438620801597696,1117165412241375232,0
7516651526,2252005984700160,1008822809406734336,0
402714628,13835902514579374944,1765622185931571200,0
2013388800,13835621039601615616,576599298553151488,0
1074233375,28147600756572416,1008874486721675264,0
4398986113024,4616471127393306496,4540158397583982592,0
3758505985,9225060989798449408,576600396722601984,0
939597824,9223935089891607040,2017726991129640960,0
2080634880,6917951265908989888,9205909623247208448,0
4398986047488,4611967510587117440,7458490951825096704,0
4399053352972,13844909731009793920,5729124096667549696,0
4160942080,6918514456373759040,7134185610977214464,0
1100551919616,6917810554159501184,9079815409544200192,0
503376896,3458975731737956224,17871268543954157568,0
3299004698626,4611967527765937920,5477483281349869568,0
1100551919616,6917951291711822784,18375748608172490752,0
402780172,16168768238247740288,2017748980959739904,0
1879293977,9243075491397632992,2143926182423298048,0
14336,2306054124157288320,18302628885633695744,0
13196152811520,13835621108327383552,3513369559790780416,0
2013523968,4612108462887278784,5116438853602770944,0
1006833672,4612249071472607752,1207208799769722880,0
26389889695744,9224216513326613376,4576152001640923136,0
1040448524,2306687537252404224,6918090912375504896,0
258079,16159126595015017344,2017683009322860544,0
311359,9226468364690391552,2035696302414626816,0
33569793,12682558814686283520,8937129577726083072,0
2080610304,6917951291652048640,8648002004112637952,0
4398986162176,13837028500393955296,9205885429696430080,0
1879306240,6917951265892474848,16285561625371475968,0
939651072,4612530546449321856,9151752048713138176,0
8797972078592,9224216513352830848,3891382761226764288,0
3758120960,13835339547439794112,2522165332425048064,0
26388815953921,1126106096731584,1477286230893789184,0
35192693645313,9225061092898636800,3729260869075337216,0
2013466632,6917669773770235488,5116524599940481024,0
1610866695,13836043338226089968,8628896886041870336,0
8797972094977,13843784861995768288,8629162974298243072,0
201355264,6917951270203953088,5621020100539711488,0
4026785793,9223935089902094320,4539901109715599360,0
2199895676928,6917951257293361120,4901007135883657216,0
550275959808,6917951291677220608,18376801974403203072,0
3758342144,9224217475529453976,9205513768996438016,0
1879466000,9223935021170033024,2161867465691234304,0
2013388800,13835902583356530680,8701376692544864256,0
268558350,4625478318063354848,2162000515054174208,0
4027015168,9224216513339199424,4539882424661704704,0
17595944394755,9225342464785647600,9205916220316975104,0
8053571585,9224216513344440256,2287964953367281664,0
6597539540992,13835902583297804032,18303750387494027264,0
4400059883524,9223935021174230912,9214925597120135168,0
4160876544,16141041810592501728,9151859830648995840,0
3221717011,1126003017516992,2287883036529786880,0
1006893064,4612530477731940320,4089761068631457792,0
234936320,4612530494911811456,4576747962712981504,0
65974724198400,9223935089899998464,9187887498091560960,0
1610727425,1688884222100416,1441222255945187328,0
520223,16141886347186013696,1729662640898179072,0
805396484,9223935089893704064,288362347611815936,0
805828671,17357365605228351472,9205919514556891136,0
4398986047488,13835902583320873984,4575936497361879040,0
234911747,3458905268490866432,15854869747033178112,0
52784879886336,13835902531885080544,4593726045743480832,0
3299038201856,2305983772537919872,5620993712797515776,0
537124877,9225061092898643952,18438018349431521280,0
1879269376,9223935021175801776,2594548389420990464,0
2080503808,6917951291652054912,18303697628921069568,0
234944514,6917810966589617024,17726606838469754880,0
122892,13835621108327387008,9214364837600034816,0
31,9241808652157591288,4756346564270620672,0
1006893087,2369319490559672768,1081143202629025792,0
114719,9238008804375793600,3598516839757381632,0
939585536,13835902583304095232,3531099199821053952,0
3299038252034,3458976470584010737,11512324374749249536,0
939732992,9223935021232954720,8710454810299596800,0
70384850403329,1688884227344368,3603011646512955392,0
1879253008,13871931328774014848,7350142872907153408,0
201357315,6925692128410864624,5693042527385419776,0
8797972283393,9225060989800548224,4467851210111582208,0
503379975,3458905268550647745,11494241840341712896,0
258048,13835903012854832016,8674145637815549952,0
805822527,13871931328777159040,2017885320468553728,0
251722752,1153132636742359936,18375746426060668928,0
939782144,4612530683905056536,18429017747246546944,0
2199425961986,4612249002746842880,5620993720850579456,0
13195079069696,13835621108318995200,9187905090277605376,0
1040386048,6917810536981725696,3459199953711136768,0
8455976960,6918514310333335040,3459325298573574144,0
30790486331392,6917951265908465600,14321993285202083840,0
2013526016,6918373555663013376,3458975628106137600,0
33618947,3459186777840947136,17980553376915521536,0
1879187456,4611967510586066816,2864482883496574976,0
87977975879680,6917669773785964000,8034969300609531904,0
939634688,4611967802706762624,5747136291858808832,0
30790486351872,13835902531758195072,865251905423540224,0
17596212699137,9225060989808938976,9205854067845234688,0
196638,34903137646938104,2269814212194729984,0
2199493031936,6917740159911362496,18374686479671623680,0
1649770821635,16143575514927341504,18411822502213844992,0
114701,9233505891938993164,1279154235568553984,0
939651084,6917951265904271232,5621587474443665408,0
3758604289,9224216513326612864,864823070655774720,0
2080897040,6917951291652054784,18303700909672103936,0
4398851866627,3377837184648952,2017823739294515200,0
2114050048,6918514241630642048,9188403220584595456,0
134246403,16141182591052029696,18428762660548902912,0
2200029892608,6917951265994974144,9476470830360690688,0
2080897040,6917951257339502464,9187839119579938816,0
6598076510210,13835902600478723968,9079815408738893824,0
2080894976,6917951265936261056,14376037582389641216,0
2013519872,13835902531755050944,4539892322212511744,0
234908678,3467912459154622336,5693222890242048000,0
4027006993,9224498005493678848,864760399566733312,0
1006671872,6917810536983826368,8323637325338771456,0
2013523973,13836747111326026752,8070730911940870144,0
196609,1126106090442748,4467570830351532032,0
2013491216,6917951265879097808,4594199411269042176,0
522268,3458975645826031488,16069339899957870592,0
1006864408,6917810519799758976,9151990672532701184,0
3299541645314,16141745540967702400,18303609680338878464,0
4027047985,9225060989806839552,4602819006905188352,0
805429251,9225061092886191632,9133306641377132544,0
14,34903000204447736,8070450532247928832,0
2013329408,2305983755358576624,18177583627229986816,0
402714630,4611967545009773040,14142252838054526976,0
507921,9260245310345577344,2269923063845879808,0
2013405184,13835902514578325760,720714485286830080,0
8796898344961,9224216513327661440,4467812722909642752,0
4161007616,6917951300238837696,4575929913177014272,0
8798106415104,4612108325414768576,4539892313622577152,0
114751,9241949488409477632,1756543494664486912,0
939634692,4617035125424659328,4566657718735077376,0
939651075,13835902531759247232,4467847922045681664,0
201453574,6917951257289170880,18285671117798506496,0
100677632,3458975920833962881,18303614048052183040,0
2080495620,6917951265879097728,2018166838461988864,0
402780172,13862925229034045824,1117454588094447616,0
469889025,13836747111313442304,1747675948016205824,0
4027047953,9225061092886054784,4584936549858148352,0
1879072768,9223935089891607296,1729452633707511808,0
16643514371,13836747145685765120,4602819006905188352,0
15,19140367148385272,2071655828590428160,0
28,6755605612070896,2269814212194729984,0
2199493081091,6920062319676366784,16105402240671416320,0
939651084,13844909713833067264,2234343992852480000,0
4832354319,9224216564893486840,4575789162803757056,0
1032195,1688952952062720,864760397687685120,0
6598076520450,6917740147010715616,9205636914298748928,0
4027015169,9225061092886054400,1153061150905073664,0
8800119701505,9225060989798452992,4539881316358815744,0
4161155120,4612108256693193920,2522292870673596416,0
67123200,13835902609077044992,4323983420741910528,0
1879302145,9225342464802426816,4539887922018516992,0
491551,9223794515638224960,2450222086522667008,0
4161269760,6917951257289166720,8035375037647159296,0
4398986092544,9225060989800548096,4540169392700260352,0
2013523976,4611967510586065792,4575910134852616192,0
469813250,2306265238924705760,17926440877794787328,0
2013523984,13835902514578326272,1747677047796269056,0
1879302152,13836747008225837824,1945686995451772928,0
8195,13843361893544107968,17978793024439713792,0
2199224594432,9223935055590595328,8611027623067254784,0
4400059899905,9225061127245792000,4540190288655679488,0
469891076,13835902583322972032,8314637788305686528,0
13196152942592,13835621108318995200,1981720183001055232,0
2200029999112,9224498142928438272,2342432558773436416,0
939646989,9229564589434208768,2270093496738119680,0
234944512,2306265273249832832,18087524829358981120,0
17596212633601,13835480298080206832,18429282729548840960,0
52784879886336,13835480293583622112,3999328413721559040,0
14,2252212147458040,2161727821137838080,0
201357315,6918373779120865152,17564045143814701056,0
15394974806016,9225060955497436928,18321081989282660352,0
67237895,6918373555663013376,3458905267415810048,0
251708422,1153132619495915488,18159006278767083520,0
134238208,2305985817094131936,4467606014723620864,0
939601928,4611967716808462432,4864336214410395648,0
402710530,9223935021174228736,3386953214682202112,0
3758284800,13835339556054895040,3314900014530035712,0
402665472,4611969572301443312,4918177087988170752,0
1040316419,17294878366584802816,18429853409369653248,0
3758604337,9225061092886053376,1729451528021868544,0
402714627,13835902926953908992,4467790733616611328,0
67139587,16141182573964443520,17366168235589763072,0
2080837648,4612530477723550464,576671875648716800,0
2013329408,2305913382253367232,18375777195206377472,0
8796361482241,9223935845883447776,2657229333264859136,0
4398986145792,13835902531755057088,14339795477967405056,0
1006761992,6917810536990115328,4035504554693885952,0
4026818561,9224498005493678592,2270029175307894784,0
1610858521,10696117838676736,1117029055082790912,0
201388038,4612530477723549952,576707057940430848,0
4161220620,6917669773736681312,14340057182270128128,0
503380994,3458975628679724928,18303618446098694144,0
2013523992,9225060989798449920,2287964965178441728,0
4398449172480,9223935055536063488,2414202079154274304,0
4026556417,9223935227359399328,2756679075517956096,0
8195,13842657931225599992,8647122390783885312,0
2080501760,16141886278520020976,18438264640036143104,0
15395243274244,13835902531758198672,18429835783897612288,0
805396484,9223935089893703936,288353538365456384,0
805560336,13835902737976924592,8962375464211447808,0
6597472432128,13835902514637053920,9151807024026091520,0
100678657,16141182591026864000,18375671676449849344,0
2013507596,13835902514578326272,2234065816410652672,0
16911982592,4612108239508082144,2522187322657603584,0
469825536,6918373504142286720,17510430758357958656,0
26392439840768,13836747008234227200,4089407003338735616,0
49159,9256024991739413088,1008929463980785664,0
1,7318452538711160,4611686018427387904,0
14,19140401499734904,2233785415175766016,0
3299541555200,4611967544945805568,8936258790286688256,0
2199526627330,2306265247552389056,14916475033084755968,0
1006751750,6917951257305943936,5171090072618926080,0
234911747,2306124535769874177,18411586089899786240,0
8798106431488,13835621039599519488,4540124312723521536,0
2199493079040,13835621108344164120,9205779850810359808,0
469891087,6922454865506469760,8935703572213923840,0
1006891020,6917951265879625696,9206481399358423040,0
536887297,9223935021170033600,1441275028208353280,0
1879109632,4611967544949998336,1729646173523804160,0
4161151008,13835902531754002368,3855346269773889536,0
469889030,4611967545012928432,18429288227106979840,0
3299038231553,16141323328621133696,18375245040168468480,0
14496559105,16141323328507873152,9205918404307845120,0
805564428,4612108248075469760,4539879118140882944,0
507935,13870805987213445104,9214922289995317248,0
6598076504068,6917951266113994112,18159074449293312000,0
1610760192,9223935021170034560,1693406239670665216,0
6597271097344,4611969177297626096,15673019284458569728,0
939634688,13835902583295705856,576597106777653248,0
6599150254080,6917951300238843776,18375223054230880256,0
67139587,16143575128320515840,18429723633711579136,0
507921,9259682334688936000,504469132385714176,0
3221454851,1126002992349952,864699924950818816,0
1342693379,13836747111326026780,4593948696848105472,0
234911751,6917951291652054784,18196792095367233536,0
393247,844433520591088,4539892307180126208,0
805429260,13835902531784413152,2215902961282842624,0
1006759936,6921892980835760560,18321172707581886464,0
8797972226056,9223935021233998304,2612335178286104576,0
2147942439,3377802806034688,864757099622563840,0
235010052,4612530563629187584,2162004928132808704,0
469823494,6920203091462588288,4540180409291374592,0
3299575073792,2306687537235627520,6918637368647876608,0
1006735364,4612530477723550464,2162286388077133824,0
4228069376,6918373555663013376,3459043806416994304,0
30794781552641,13837028500511408016,18438861707062280192,0
469825539,16141745609817210752,18429800599525523456,0
6599150147584,6918373555679792640,9187905107457474560,0
52784879656961,9225060989801596864,4431812517890621440,0
4027047964,13835902531822173376,9079537226324377600,0
1879564296,13836747008234226176,1729504306861703168,0
402665472,13835902720795479424,4539883515382071296,0
805433344,6917951300301766592,18411707036313059328,0
12288,16141042068405368673,17330695791051800576,0
4027047964,13863064875598086336,4539907707791998976,0
126983,9223935090017443800,8340666509890158592,0
2200030005248,2306265479406160896,9189592892165849088,0
3758120961,9224462881270009216,3747258777057886208,0
2114058240,6917951265879097728,4325698698341253120,0
516159,13835902600502841328,9205529162159226880,0
469891074,3458975633004568512,18375744209857544192,0
268443648,9223936017715706944,108089689591775232,0
261135,17294807972068724224,9206482438740508672,0
805429254,13835902720796532576,8674355644536455168,0
4026785801,9227312892716519168,9151463701755199488,0
469825538,6917951291661488064,8034956127944835072,0
6598076436480,4611967544945803712,9152405188416372736,0
70371965452289,562984315260800,3449827683309977600,0
1006667776,2306124501381812096,5044638551728193536,0
7516684291,1689056031278592,4593951995382988800,0
8053579776,13835339564622807552,2306334525136830464,0
939585539,13835902531759247232,9079815426455633920,0
1006751744,6917951257318530240,5044576970487103488,0
2080634894,17325840923262193632,9188458176972849152,0
4027047944,9223935021174227712,1738529652353269760,0
7516708864,13835902514576229120,576566309983322112,0
520158210,3459186752092118912,18159622006352379904,0
491551,3377912335828960,2233908560478076928,0
2199425970178,13835902583304097536,9206426372237426688,0
13196152877056,4611967510599698816,5116339865344016384,0
2080610304,4612530477721453056,1153062276421386240,0
49159,9223935021184454424,8647052022039707648,0
4026654721,9227312927059478272,1729518600110211072,0
1879564312,13853916981815674624,4035471565251461120,0
201390083,6917810554188861312,8791523477921202176,0
2013474816,13835621108318995200,828798677320466432,0
503347201,16142449365848426240,4468129408296681472,0
100677633,16142449709551727040,11314104392187117568,0
13196152844288,13835902600536399840,18429820403619725312,0
2080634880,16141886278460244864,2162286389687746560,0
3758612488,9224216496150938368,612610503654506496,0
3758350339,9225060989800547296,1135184198059950080,0
30794781569024,13835621108327384952,4594225786663206912,0
234909698,4616471110214484096,9080156279355211776,0
2199493079047,9240823691598630864,8629897458803015680,0
4027047949,9225060989800546688,2162007097292619776,0
8797972193281,9225060989800547072,2270091293419896832,0
1879072768,9223935089894753152,1729593376027705344,0
4026785792,13835902514578326272,1729661549506723840,0
3,13839702418221175744,8709961679334539264,0
4400059781120,13835902583304095232,3459043797827059712,0
1099713015815,13835339581813165952,9152369999749316608,0
13196219914240,6918373555679796224,13962282558617026560,0
