4398986067972,4504278274673184,4107414803704709120,0
939651078,4627449647981399136,1189063555484221440,0
2199291740162,4504527406369888,1945616611675209728,0
17595407663128,2333361094698211568,4575793560850268160,0
2147614744,2333358880509659488,4539681202021335040,0
2199425925123,3377837186746240,1873550221544259584,0
52778706010136,2333358895544015632,4593807959359750144,0
805355526,6755811784132320,2233917358718582784,0
6597875171334,13512474023696864,4575789162803757056,0
288291952024485912,27023375986331544,2296868795307786240,0
4398314995714,6755708702820160,1945616611675209728,0
1099746570246,6756344392060768,4575793564071493632,0
6597338251270,7600915340595136,4539892307180126208,0
17595407400984,29133755365330456,2143781593959890944,0
13194676436998,5348960916475872,2161780597695971328,0
13194944937998,14357281218764768,4539892307180126208,0
1099712970754,6755674335742976,1729448229486985216,0
13194676469764,9008874396588304,7890579226036797440,0
1099712978947,6756224108333280,4575789162803757056,0
2199425925122,6755674339411424,4539760365784793088,0
201351171,8445331684984928,3675209982334205952,0
3298937552899,6756421709860832,4539628424389459968,0
13194944937988,13511649352617496,9205425808066215936,0
2199291707395,2251937285146464,1945678184326365184,0
1006700552,9007749051451680,3206655297422622720,0
8796629958660,13511675096862560,2125764994816540672,0
8797703700492,13793231691845424,2269880182892396544,0
536903682,2252315241218944,1008859093089124352,0
8797972299804,32371404841951216,4593807959359750144,0
4398851915788,9008857181073584,9187475181231144960,0
469813254,5067494528651104,4395645179319549952,0
549881657347,9231254306919553504,9151872995797499904,0
2199425957894,6755811824504800,2269880182892396544,0
4398851915782,13511688006143536,4575793561924009984,0
1099712962561,2252272318287424,4467693975653842944,0
26391500423192,19071851783659248,4575780366710734848,0
26389353005064,9007800588437792,1477246648475189248,0
26389352873996,14496824627038496,3711102432395132928,0
268484610,2252212156761824,1080863910568919040,0
8796629991428,9289284155083104,4539760365784793088,0
4398583414788,6474276681024800,1657390633570009088,0
469786627,6755940673789536,9187620319987236864,0
2199425941510,13512512681286448,4575934298338623488,0
2147883032,17313634778853159152,7170003293173710848,0
2199425933315,8726265510501472,9151587128142987264,0
4398583414788,4503994794772032,1945616611675209728,0
6597338234886,5348978087956064,4539751569691770880,0
8797703700492,9007766231846240,2089731799751065600,0
35188667320336,8125130383871447312,7836542627578118144,0
402702339,7037346930757568,4467693977801326592,0
3298937585666,4504475842121568,2269875784845885440,0
26389889875980,13758771071031520,4575934298338623488,0
549990723587,9231253748584550368,4575793564071493632,0
3298669125633,2251937280951744,4467693975653842944,0
1649468825607,6757336575917040,18411269430550986752,0
1099712962561,2252005982602368,1297159840132497408,0
4398314979330,6755794607932960,648579918992506880,0
2199425957890,4504424312999072,2269875784845885440,0
4398583480332,14005087414399536,8899385542567788544,0
67117057,9226749891222439744,4539751569691770880,0
6598009389070,13512474023958936,9205634715275493376,0
17593259983880,4062776336827817952,9079503139383541760,0
201351169,9226749977125979968,1945686986861838336,0
6597472468999,15763474927324000,4539760365784793088,0
805339142,7037209447239616,4467693977801326592,0
4398314995715,6755863355199424,2161780597695971328,0
1099981438982,13511417474320432,2342008149432598528,0
65560,18227727591283168,4467570830351532032,0
1649502380039,13512448258088928,9151587121700536320,0
2199291723778,4503977644265024,1945616611675209728,0
201342978,4503874561904320,1801505822719606784,0
134242306,6755914894806208,3603143591129513984,0
8796629991428,13511640753901360,4593807959359750144,0
1099679408129,3377837172066176,1873620592435920896,0
6597606735876,4503926069004096,1080890298847985664,0
2199493042179,9227313201957308096,2233917359792324608,0
201375750,17452393500247136,1369226231337189376,0
1099712970754,4504493046631520,3530954052475027456,0
3298937585667,6756275681238832,9187620316766011392,0
1649468780547,7881711718238656,7422204864790265856,0
1099645861890,2252126255844960,3530954049253801984,0
2199157497859,2252074749792192,2017665410693857280,0
2199425957890,6755725882688960,1657456606415159296,0
536936452,4503994786383680,2233846987826921472,0
4398851866630,4504484432058816,4467702771746865152,0
1099746537479,9239135718016031840,8322929190458359808,0
4398986149894,14637781172620320,1189018471883603968,0
3298669125635,7177951263856992,7926581634776694784,0
6597875171340,9008848626912140,4386644575523962880,0
17595407466508,13935000041299296,4575789162803757056,0
2199157497857,3377837190940352,4467676383467798528,0
52783000846352,54044355241187632,4593722197452783616,0
15394907815948,27023264328719896,4593810158383005696,0
536903682,4503874525201728,1008823908717035520,0
4295229488,1189269160134447264,4539628424389459968,0
4398583414788,4504269689980992,1225040671295930368,0
3298971123716,13511451766951456,1189086642678267904,0
549856489473,9226749874043620480,2522147735944036352,0
8797703700484,13933621268715680,4575789162803757056,0
6597875122182,15763543722299184,4575793560850268160,0
3298937561089,3378172191051712,4467702771746865152,0
469819395,7881814810038240,2233917359792324608,0
4399925755916,9007749051977184,2269882381915652096,0
805404676,15622922123874016,4467693975653842944,0
549856489475,8867557102338016,18374932770276245504,0
4398851866630,6755674369295584,2197822589391339520,0
2200029933572,9008848656144432,7025892495628173312,0
6598009339910,13511623566168032,2287896780425134080,0
6576947202,6755704419649824,2666403661508247552,0
4398851915780,13511477525220960,2161780597695971328,0
2199157489666,6755725899991904,4539751569691770880,0
4398851866630,6755914867541952,2233838191733899264,0
13194944937988,4504424327152864,1783493622159638528,0
1099712970758,4504424324007808,1945621012942946304,0
3298937585670,13511348746456864,4431610203053490176,0
6597338251270,4645226277507552,14916467323618459648,0
2199425925123,7037346920271424,4467834713142198272,0
3299004694534,6756490496711792,9187607122626478080,0
8796898426894,14004269283548976,4575793560850268160,0
4398851866630,8445340283309152,3963440353117208576,0
549856507907,13843503296846511088,18375803583485444096,0
939651078,9239135649229440992,2269950555394670592,0
234911747,13842940316835913696,9187620332872138752,0
4398851850246,4504475858898240,4539760365784793088,0
201342978,2252074714662464,1225075858889244672,0
549856489473,9226749874043097056,9187615918719500288,0
2199493074951,6756361578745792,2233921755691352064,0
274936639489,9226750148958232384,8287177474664562688,0
17595407400972,13933329193894944,1765441840254812160,0
2199425925123,2252272281849696,4467641199095709696,0
7696849862662,13511623565119456,2269880182892396544,0
1099712978947,7037827966045984,4539760365784793088,0
3298937561091,7881771861151728,4575789162803757056,0
4398851915782,4504458678505312,2233846988900663296,0
402702342,13511657912272992,3566989446563758080,0
3298736234499,7881728902828000,4539901103273148416,0
26389889744908,13511649326796560,1747462626117419008,0
201355267,4618441864611106400,3675073638597394432,0
268484611,7600356979640256,2017718190473216000,0
2199291723782,5489427808263776,4539892307180126208,0
2199493079046,14357414373236272,8323210679393714176,0
2199962894342,13511623632756720,9187620318913495040,0
4398314962947,3377837192513376,2233908560478076928,0
1099712978945,9226749874045716416,1945686983640612864,0
1099712970755,2252212155713408,1873620592435920896,0
2199425957891,6755725925158880,4539751569691770880,0
17593259982860,13511640749704544,2269880182892396544,0
35190814933016,3486843418830052976,4539760365784793088,0
549856489473,9226750200455891904,4467834713142198272,0
13194676436998,4504475858898736,2269844998520307712,0
2199493066754,2252212162004608,720637514104176640,0
2200030007308,13512740328709552,4575793564608364544,0
6598009389060,13511348754849776,4575789162803757056,0
469819399,6756464654814400,1369213037734526976,0
1610809356,14356160170428208,2053707402389225472,0
52779779555352,35890254385516336,4593740889150455808,0
6597472468998,4504424318767072,4143447996622700544,0
6597472468998,15763423454830560,4575793560850268160,0
4398851915782,4504484457483824,4575793560850268160,0
1610678276,4504132234249056,936779509355511808,0
549822930945,3378163601116736,4467834713142198272,0
8797703864332,31949123656359712,4575934301559848960,0
8797166895112,9008023921493520,882722019639033856,0
939622404,13511623574032176,1765549593468076032,0
26389889777668,4503994797393696,1116923493913460736,0
8797972267016,9430021645535520,2702296119085367296,0
6598076497932,9007749059840992,4071322233669156864,0
4398986149894,15763681094143712,4575793560850268160,0
549789380608,1689107586616448,3747100443088519168,0
1099712970755,6755811823980096,3566987248077373440,0
4398449213443,8726265474846304,3675209982334205952,0
2200030011399,16186868584169440,9151587121700536320,0
268468230,4926422016068384,4251521195687542784,0
201351171,6755914903194816,3675209982334205952,0
1100015005699,6756224140840928,4575793561924009984,0
2199493074947,6755871954046912,4467834719584649216,0
2199291707394,2252126252697664,2450222080080216064,0
134234115,2533609855520640,2017683006101127168,0
503367684,13511348675678080,1225089051686600704,0
2199493074950,15764724809210336,9187615919793242112,0
2199291723778,4785409667108672,1873620590288437248,0
268484610,2252315237024832,1225036274860032000,0
2199493042179,6756378751799264,4575934301559848960,0
6598009339906,6756224132976608,4539751569691770880,0
2199425925122,6755700142508320,4539751569691770880,0
3221356568,8090544317913641568,5116361859871539200,0
8797972168710,16607977172373296,2269880183966138368,0
549957152768,9224498177312294784,4323701932880297984,0
2199425957894,4504424318764896,2233846987826921472,0
2199425957894,6755932049507904,1369155860445528064,0
402685954,4504080696215104,1765459434051469312,0
201383938,6755914869638336,1945616614896435200,0
1099746537475,9231253748569869696,4467702774968090624,0
469811203,3378180788323904,1945621009721720832,0
549856489473,9224498074225739648,3603002849346191360,0
3299004694534,4504424365431216,8034698812159164416,0
1649468784642,13511374516525920,4539760365784793088,0
268468230,5348299453236288,1297133451853430784,0
274995361793,9226750252037445824,7422477556558856192,0
4398449221635,6755863355723696,4143447998770184192,0
3298937585667,6755940673523296,4539892307180126208,0
58734593,13842940316807601088,7998938302419828736,0
6597875105798,4503934698260016,1837530220618317824,0
1649468792835,6755940673523232,4539901103273148416,0
2199291740162,6755674372443584,1657377439430475776,0
50337793,13839280721150615488,18303174243401072640,0
3422580737,2252212184550816,2810378108874522624,0
4398314979330,4503874525725984,2125760596770029568,0
13195750342668,13511675113639200,2269880182892396544,0
402669569,3377905910416576,1369155860445528064,0
134234113,2252212153616256,2017683001806159872,0
268468228,2310769697519307136,4323490829868990464,0
2199291740162,4504132255221792,2378173282135310336,0
2199425966086,13511640749182432,1513345815312072704,0
13194944954374,6756481839402720,2233917356571099136,0
1073971230,31527186087157752,4602817357637746688,0
35187593510924,15482094432551984,2342010344697757696,0
274911465472,9224498074217350144,2017744577678540800,0
3298937585666,7037759238179424,4539751569691770880,0
2199224606723,9226750200464805856,4539760367932276736,0
201351169,4222562764065856,3675069239477141504,0
4398314995714,6755811784132320,1080890298847985664,0
1649334558723,6755682944031200,7998656821000667136,0
1649468792835,3378112095064000,4467834713142198272,0
50337793,9225624111578877472,4684297779210616832,0
8797703864332,13511675113899792,2071723998311350272,0
4398583414790,4503994815745088,1225111040040108032,0
2199425957894,6756224140840928,4539760365784793088,0
2199157497859,6755734515093024,4575793560850268160,0
3298669125635,7881711726628832,4539760365784793088,0
2199425957890,6755674339411392,2161850966440148992,0
52779779489800,4639694505300724064,1657386235523497984,0
3299004694534,4503874555612608,3530958448910925824,0
3299004702727,15763423463219168,4575795759873523712,0
1649468792835,6756241296071456,9151578325607514112,0
8796629958668,13511889864100928,2233846987826921472,0
17595407663128,28008544855005576,3693090234519519232,0
26389889744908,13511408814394928,4575789162803757056,0
6597338234882,6755811778364896,2233838191733899264,0
4398314995714,2252315242268352,1945616612748951552,0
536903684,4644676475293536,4539751569691770880,0
4398314979334,4504682025716768,4071322234742898688,0
35190814801936,20127002846301744,2287967149169311744,0
251719686,4504149484900832,8611159572515651584,0
1099645870083,2252212153618368,2161850966440148992,0
8797703700488,9993182138080272,3512946247814086656,0
13196018810908,31527151727418864,4575793560850268160,0
2199157497857,3377905889445824,2233917356571099136,0
4398851866627,8726265476943648,4431678375995637760,0
3298937552899,3378146429634496,2233846987826921472,0
824734396419,9231255312138780640,18374897585904156672,0
549990719491,6755932077295712,6989863701830434816,0
2199425925123,6756275680972576,4539901103273148416,0
6597875105794,6755811790423648,1945616611675209728,0
4398583480326,4503908889134400,1657386235523497984,0
6597338251266,6755811783083968,1945686980419387392,0
35186519703560,4621679247705507616,900785896708636672,0
17595407466508,13511743831019360,2233846987826921472,0
17593259917336,18510334159755568,4575718794059579392,0
3298736234499,6756224179116512,9187620316766011392,0
4398583414790,4503891743345216,4539751569691770880,0
134234115,4222631507658784,2378173288577761280,0
1099712978947,6756421701738272,9151587121700536320,0
3298669125635,6756344383675232,9151587121700536320,0
3298669125635,6756284338282480,9187615918719500288,0
17593259884558,14356177359474528,2269880182892396544,0
4398986092550,6756395939532768,4539760365784793088,0
144132781335838728,9007813475175216,4575718794059579392,0
402702339,2252212159906688,720641911613816832,0
134242305,3377940271204032,2161859764680654848,0
2199493074947,9231254367060889568,4539901105420632064,0
1099712978945,3377837184648960,1585390217357950976,0
805404676,9008908733911576,4593671619917905920,0
1649468776449,3378163635195712,9151578325607514112,0
134242307,7143385375186016,9151384811561025536,0
549990723591,15763453503085536,9151868611709632512,0
402702338,6755846150161984,1945686982566871040,0
35186519703560,9008041122336224,2269844998520307712,0
1610842136,27447242122466104,9205636914298748928,0
8796629925894,6755794608981600,1801505821645864960,0
16784896,16145123670241582080,8647456674530983936,0
6598948913156,13511623569837536,2269880182892396544,0
201355265,9226750209046351168,2810518852805328896,0
67117057,1126037378303040,3675209981260464128,0
4398851915782,4503874538309408,2269880182892396544,0
4398851850244,4504450068122048,2738452456231927808,0
3298937585670,13512748914450224,9187620316766011392,0
4398583414790,4503874525201728,1801501423599353856,0
4398851883020,9149650542266928,4575789162803757056,0
98312,9500916487295328,9079256848778919936,0
1099645861891,6755700142247360,4323701932880297984,0
2199493066758,4504664845323360,3567127985565728768,0
3298669117441,2252212150469824,1585390214136725504,0
114717,27022710231801240,2287844003867000832,0
8797703733254,13511649344097696,2269875784845885440,0
402702342,7881694536797280,3530954052475027456,0
549822935041,9226750148945645024,4539751569691770880,0
1099712978947,6755674372443456,2161798189882015744,0
26389889744900,4503926067431232,2233917356571099136,0
35190814933016,29134580003638832,2269950551636574208,0
6597338251266,2252212163053504,1873550221544259584,0
13194676502540,13511649339903456,2233838191733899264,0
6597875122182,6756284262780720,4575789162803757056,0
4398851866630,13511683703574368,4539689997040615424,0
412350420993,9227313167630077824,4467834713142198272,0
2199291740162,6755811785181056,1945621011332333568,0
1099712978947,6755691557034784,7710435247384428544,0
4399657320456,9008848629927688,2044668315686666240,0
2199526623234,6755674338887616,2233917357644840960,0
6597069832192,9007749052239376,1765437442208301056,0
6598009323524,13511408807578128,3783160026433060864,0
824734396419,9230128260995620800,9151578325607514112,0
2199493074951,6756464646425696,3711102433468874752,0
6597875171340,9007882203041328,4575793560850268160,0
2199291740162,6755811816116016,4575793560850268160,0
134242307,2252315235978304,3675069239477141504,0
1099712978947,6756224132979696,7548310059919343616,0
35190814933016,27023277201165816,4593810158383005696,0
8797166895112,27023307269999376,4593737590615572480,0
35187593510924,13793227396876064,1116919095866949632,0
100675585,9226750148912089536,7926599229110222848,0
117455875,9231253748578258816,3675214380917587968,0
8797703700484,13652112000424160,4539751569691770880,0
274928242689,9226749874045718080,7350402366039916544,0
1879179288,18015528159417096,2900456698491699200,0
67117057,2252229334536064,4323701932880297984,0
402702343,6756464659008608,1783494722073919488,0
13194676469764,15482214699765552,1783491423136382976,0
13194676502532,4504450085162800,2269840600473796608,0
17593796722700,15622917828906032,3711098034348621824,0
13194676502532,5348978095820736,4467693975653842944,0
8796898426886,4785959424492896,1657390634643750912,0
33558528,9224498898863654272,1297159839058755584,0
2199291707394,2251937284097600,1225111041113849856,0
8797703700492,13512461139054000,4575723192106090496,0
13194944872454,13933896219236784,9205634715275493376,0
824885407751,9240262717434763376,9205634717422977024,0
13194944937996,13793158686576480,4539751569691770880,0
4398583480324,13793227405266720,2233917356571099136,0
824868626435,6756224124067680,4575789162803757056,0
3299474505740,9007766298959840,9151437588119158784,0
4398851932166,6755914869639104,2233851387484045312,0
268484614,4503934658414368,2233855788214910976,0
1610678276,4503908889134912,936775110772129792,0
268468230,4504458678504768,1225111041113849856,0
503351300,2319495095373533056,2450182505714679808,0
4398851850246,6756224125111776,2287897879936761856,0
17595407400984,6936600061329946224,9187615918719500288,0
4398583414790,4503874537784384,1297089469240836096,0
2199425966086,6756490429341216,4575934302096719872,0
3298937585670,13933969241022432,9151578325607514112,0
7681,16144842126551687104,9079802206546296832,0
1649502351363,7882313026768864,4539751569691770880,0
6597338251266,7037209491802976,4539760365784793088,0
469786627,3378232328980416,2161850968587632640,0
4398314995714,2252212162004672,2233917356571099136,0
3299474522124,31949192381734416,8755274752538443776,0
2199425925123,6755700143032736,9151446384212180992,0
6597875122182,13511623569313248,4575780366710734848,0
8796629991430,4503900328037856,1657456604267675648,0
134234115,2251937282000768,1945616612748951552,0
2147876888,28078887829638672,4089407001728122880,0
2199425957894,4504475850508896,3530958450521538560,0
125841409,9225624249048239360,3747258787795304448,0
268484614,7600777917369888,4143447997696442368,0
8797703700492,13511348691930464,2125764996427153408,0
274978582529,9226750269215742656,18303156651215028224,0
469823495,8445331686558816,3530958450521538560,0
6597472468998,6756284262518624,4539892307180126208,0
1099712978945,2252212163053376,4467834713142198272,0
402702338,6755708711210080,1225115440234102784,0
3298937585670,4504432959953904,4539733977505726464,0
4398583414788,5066944743999040,1801501423599353856,0
13194676502532,4504424318765024,1801501423599353856,0
3298937585667,6756249898850800,9187615918719500288,0
4398851850246,6755932049507936,1080925483220074496,0
2199425925123,2252246514402752,2161780597695971328,0
3298937585666,4785478377671264,4539751569691770880,0
6597875171342,13511675113639328,4575795759873523712,0
549856485377,9226749977125981312,3603143591129513984,0
402710535,15764587374451632,9187615918719500288,0
1099645861890,4503874546174496,3495070387769704448,0
8797703700492,9852234108505440,2233846987826921472,0
17593259851780,5066910388454976,936775110772129792,0
234911747,9231817368621562848,9151868603119697920,0
3298937561091,2252263728353248,4575789162803757056,0
6597338251267,6755811790423872,2233846987826921472,0
17593796755460,5066944750290880,2233846987826921472,0
549856489473,9226750183317970496,9151868596677246976,0
6597606735878,4503926103084080,2269880182892396544,0
2199291740162,6755734503558720,4539751569691770880,0
6597338251266,6755811776792000,2233846987826921472,0
4398851850242,4503994794773568,1585390214136725504,0
3298669117443,2251937284097984,1801501423599353856,0
402677763,3378112064653248,2233846988900663296,0
1649468792835,6756430366380144,8124774103241457664,0
6597472468999,15763440634695152,4575793560850268160,0
4398046543874,2252212149422016,1801501423599353856,0
2147614732,13850399343519467328,2161780598769713152,0
2199425925122,2815282373461312,1585399013450973184,0
201357315,6919781239796794880,2017744581973639168,0
70375187021848,28008542708174640,2287896780425134080,0
6597472452614,4503874557185504,2089802168495243264,0
3298669117443,2252212150470464,3675060441236635648,0
17595944337420,4639764904103254288,7260081883596193792,0
67117057,3377940269108288,3530901274843152384,0
1099746521089,9226891019591356384,9152422750537646080,0
4398851915782,4504424318764896,2125764995353411584,0
4398314995714,2252315238073920,1225058266703200256,0
1099645894658,4503874541980000,2089731799751065600,0
1099645853697,2251937284097216,1297159837985013760,0
1649468792833,3378112095591392,9151859800584224768,0
3298937552898,4504544586767376,4089407000117510144,0
3298803335170,2251971634398272,1297159837985013760,0
2013462552,18017761540578832,4575718794059579392,0
13194676502540,13511675113639776,2269880182892396544,0
4398851915790,13512577115757552,9187620316766011392,0
17593259851780,4786028150261280,1369155859371786240,0
4398851932164,13511640749706464,1405189056047874048,0
1099712978947,9231254298333552624,8755270360934383616,0
13196018696198,15763578078240760,9205911792205692928,0
67117057,2251954452432256,4323526011019853824,0
17593259884550,6755932050032224,2269880183429267456,0
6597472468995,6755811790424000,2233846987826921472,0
201351171,9230127711227743680,4539760367932276736,0
3298937593863,6756249953115104,9151578325607514112,0
1649468792835,7248869816021984,18375231837439000576,0
1099712970755,6755811782037440,2161859764680654848,0
805404678,4645191850268944,7242065284184408064,0
6597472468998,6756426072334192,3711243173104713728,0
4398583447560,27022714530698000,3278756868167565312,0
1099746539522,6756224139795392,6953837103834726400,0
6598009389060,13511881347565600,4593810158383005696,0
6598949011468,27023255726201008,3566987244319277056,0
100675585,9226750252036394112,2450222092965117952,0
4398851866627,3377940271204320,4539760365784793088,0
8796629991428,13511374443645232,4575793560850268160,0
17595407400968,16150683492534202640,4810123686038208512,0
4398583414790,6755914854958144,2089696615378976768,0
52778705747976,9218876770616752,2269844998520307712,0
13194944954374,15904225300848624,4575789162803757056,0
100675585,9226750148915236800,4467676383467798528,0
2199425957890,7178501072099680,9151587121700536320,0
72070788714397708,27023247134167024,2269840600473796608,0
4398851866630,6755846150162368,2233846987826921472,0
824734396417,9226750209079909984,9151578325607514112,0
1649737261062,13511477620645424,9205425808066215936,0
4400059867148,13511640749706528,2089802169568985088,0
2199425925122,2252212147324800,1188954702356676608,0
2199157497857,3377888732120928,4467676383467798528,0
4398851915782,6755863330555872,2269880182892396544,0
1610711046,4926198669903552,1008859093089124352,0
402669571,3377905893639872,792695108142104576,0
1099712978946,6756327203276864,2378173289651503104,0
1649502347271,6756224128260576,9187481778300911616,0
1099712978945,3377837190940224,3603099604221952000,0
1099645853697,3378232326884928,4467693975653842944,0
201355265,9226750148923625408,4539760365784793088,0
1099712962561,1126088918437440,4179551564727320576,0
17593259851780,4785409633027616,1801501423599353856,0
26389353005064,27023311563528728,4161464594155438080,0
8799851315228,27023375996820272,4575793560850268160,0
3298937585666,6755674337316064,3963440350969724928,0
6597875171342,13511413169658416,4575934298338623488,0
1099746533379,6755811822931904,4467702773894348800,0
8797703733262,14496919142010672,2125764996427153408,0
4398851866626,2252212163053152,1837534618664828928,0
26389889777670,4926147152842208,1657456604267675648,0
1099712978947,7248526177737664,8935669426284396544,0
4398851915780,13511469030706224,4575793560850268160,0
2199425941506,4503934656316960,1945686980419387392,0
4398314995715,6755880542406592,1945686980419387392,0
1099712978945,2252091908692288,9151587121700536320,0
3298937585666,7037827958704992,4539760365784793088,0
2199425957891,6755837581991392,9151578325607514112,0
8796898377735,8444781910296512,1080916687127052288,0
4398851915782,13511632157936880,2269844998520307712,0
2199425957894,6755674376638400,2233917356571099136,0
17595407400984,18015626987310128,2269875784845885440,0
67117057,3377837184648192,2017735780511776768,0
8797703700484,4504484410034016,1080899094941007872,0
13194676502534,4785959424494880,1693419430588973056,0
805404680,18510413759127064,4593724396476039168,0
4398314979330,2252212155712736,1549304242513117184,0
3298669125635,6756241363178016,9151591519747047424,0
201351170,6755674375587776,2233917357644840960,0
4398583447556,9007877905976848,2053707400778612736,0
3299004669955,7037415650234208,4539901107568115712,0
2200029986820,13511623538902864,2233851387484045312,0
402702338,8726677794850912,7350419962520928256,0
201351171,2252212162004928,1945686983640612864,0
134234113,2251937284097216,1369155860982398976,0
402702339,2252332422661184,3675069237329657856,0
67117057,7178496733880000,4467834717437165568,0
17594333659144,13845332519039797792,1477246648475189248,0
2199425957891,6755691552836960,3819184428626739200,0
4398851915782,13511675113639776,2233846987826921472,0
4398449221639,7178702894669792,9187615925161951232,0
6597472468995,6755828995985248,4575789162803757056,0
17593796722692,4617175734011563456,4467693975653842944,0
1099712970754,6755691551787168,3530954052475027456,0
1610678284,9852251288373536,3855217621544730624,0
13194944937990,4926696912849760,4539760365784793088,0
13194944954374,16608114612112608,4539760365784793088,0
4398986133508,13511743824203360,3566987245929889792,0
3298937585667,6755725916770144,2233917356571099136,0
134242305,2252332407983200,3531099192304861184,0
2199425966087,6756464659533408,3566989444953145344,0
8797703700492,14003994311789360,4575789162803757056,0
17595407663128,67488021826379672,4593810158383005696,0
3298937585671,6756288608082784,9151587121700536320,0
2147614728,13844769569082706304,2017665412841340928,0
2147876888,29134582150729616,2287894581401878528,0
3298669117443,2252263694798688,4539751569691770880,0
4398851850246,13511683686009264,4017347207056326656,0
4398986133516,13511649411206192,4593739789638828032,0
402677763,2252341005256288,1225111042187591680,0
52784074719256,27025506310037496,2287896780425134080,0
6597472468995,6755846175854560,4539760365784793088,0
1099712954369,2252005999380032,1873559018711023616,0
35186519769100,14074839824074288,2287896780425134080,0
268453891,2308095204219948864,2161780598769713152,0
469880838,13511623581896640,4143439202408726528,0
17595407466504,27022173348302768,2287896780425134080,0
3299004694530,6755725891604320,4539760365784793088,0
2199493042179,6756464659008608,3675209976965496832,0
8797703733260,9008908760517600,4539689997040615424,0
536903682,2252263685882688,1008841500903079936,0
4398851866630,5348978104733536,4539760369006018560,0
67121153,9226750269217836128,2378173288577761280,0
6599150370844,27022727546026392,8133780207011102720,0
2199425957894,13511649394433840,9187615923014467584,0
2199425957894,13793218818215520,4107414804778450944,0
6598949011464,18015558255250960,2287896780425134080,0
536969222,4926147123482080,1657456606415159296,0
1099712978947,2252246522793056,3530888079629877248,0
2199425925123,6755863355199296,4539760365784793088,0
402702339,2252212163053536,1945686982566871040,0
8797972299790,31808661063732720,4593807959359750144,0
549856489473,9226750166091958720,7926599226962739200,0
4398851850246,4504424313522112,2089736198334447616,0
1099645853697,2251937269417344,1801571792343531520,0
8796898426886,15200739730657120,4575789162803757056,0
8797703733254,4785409669729728,2161778398672715776,0
6597338251270,4504450072320960,9079520731569586176,0
8796629991428,4503926099936544,2233846987826921472,0
13194676469772,13793150087726912,2161789393788993536,0
1099712978947,6756284245744544,8719241560694194176,0
8797703700492,13722476448324000,7458233661809229824,0
268468226,4503908931079232,1225111043261333504,0
13194676502532,13511632142993888,4539751569691770880,0
50337792,13838577486881101408,9151560733421469696,0
117472259,9231254298407475392,7133873341621862400,0
3298669125635,2252246514405312,4467693975653842944,0
1610678287,13851243429117560848,3512946251035312128,0
3298937585670,4504424312998368,4539751569691770880,0
2199425933315,2252332422137408,1801501424673095680,0
268451843,2252109083837536,3530936460288983040,0
402702339,6755828995985376,4539760365784793088,0
2199291707394,8726024976599136,3675069237329657856,0
1610842126,14496919135719392,4575793564071493632,0
100675585,9226749977124931200,4323701947912683520,0
8796629991428,5911335314392576,2161780597695971328,0
469778435,6755914869640256,1225115441307844608,0
1099746537475,9231254358521814976,4468098604522799104,0
67117056,9224498177290273920,3747241184871841792,0
67117057,3377957451598912,3603143588982030336,0
65544,18016664243409248,5044137135771222016,0
13194944937990,16185700352794560,9079520731569586176,0
402677763,3378215149113312,2233917358718582784,0
201355271,6756241308650976,4575795763631620096,0
1610711044,6932025942473182048,4539901105420632064,0
3298937585670,13511623581896672,4575789162803757056,0
402702342,6756481839406176,4575789164951240704,0
576495938823389208,28078894272092696,4593807959359750144,0
469790722,6755674335743488,3314715297381875712,0
1099712978945,2252263694274112,3891373960838774784,0
1649502349315,6756224191176672,8322929188310876160,0
4398851915780,4504475858898400,2269880182892396544,0
8797166829580,13511683711176240,2269880182892396544,0
13194676469764,4503908887037760,2161789393788993536,0
3298669117443,2533747261443904,4467693975653842944,0
549856491521,9226750148949839840,4251670729268920320,0
805404678,4785959422397760,2738461256619917312,0
1099645861891,6755725916770144,3675069240550883328,0
1610809356,27164014689392880,4575789163340627968,0
1099645861890,6755725906283072,4179604336990486528,0
274978582529,9226750148958756400,8611155166416076800,0
2199425957890,6756224123015104,3494931850109911040,0
6442844184,2333921894896241456,4575793561387139072,0
1099712978947,8444661672710080,4143447996622700544,0
4398314979330,6193540469624000,4467693975653842944,0
962173345793,2252074732494400,8503059979266162688,0
2199291740162,6756258500578880,2233838191733899264,0
4398851899397,9007800588438048,4107419200677478400,0
2199493066758,4504553156774976,2522279680560594944,0
2199291723782,5348978096343360,3963304011527880704,0
2199425957891,6755811823978432,2233846987826921472,0
117469187,6756078163074144,16357628013354942464,0
2199493074951,6756361578745792,4575725393008394240,0
3221422092,4626182916085910880,1513271048521383936,0
2199493074951,7882381745721056,4539760369006018560,0
201351169,3378112062555392,1585399013987844096,0
6597606703108,13511623573505568,1765444039278067712,0
2199425957894,16819227353554544,9187615918719500288,0
2147878936,8088958650336948672,6773677722355892224,0
6597338251266,2252126253221440,2161780597695971328,0
6598009339910,6756258501107296,9151446384212180992,0
1099712978945,2252074745072064,7926581634776694784,0
8796629925892,4504475856800576,4539760365784793088,0
4295229464,4621397497869766112,1657390635180621824,0
26389889908748,13511752431439712,4575795761752571904,0
234905602,4504484431006496,4107344433886789632,0
962173345793,3378146454802112,9079784614360252416,0
4398314995718,7600228158410304,4539760365784793088,0
26389352873996,9007774821779936,2233846987826921472,0
1099645861891,2252212150210016,2161745413323882496,0
4027047960,18016176760036888,4593737590615572480,0
8796898361350,6755863330555744,2233846987826921472,0
1649468784642,6755674335741952,4539843928936939520,0
67121152,9224498142928439040,1585460589323354112,0
549957165059,2252126286252576,2378032544646955008,0
3299004694534,4504424327679584,4575793560850268160,0
2199425957891,6755932049509440,1369230626162475008,0
26388815970310,4619426915352579520,4539760365784793088,0
2199828594692,5348978103944736,1945616612748951552,0
17593796755460,4504450084898208,1116958678285549568,0
549822935041,9226750148916808544,4539892307180126208,0
4398851915782,4504011975689408,1945621010258591744,0
549856485377,9224498142947312768,3603143591129513984,0
2200029986828,9008848624425136,2576198628590747648,0
805404678,17734014581868128,1981720179242958848,0
268484610,6755863321642432,1657386236597239808,0
35186519703560,9993121924648480,1801501423599353856,0
201342979,2251937263125440,648579920066248704,0
3298937585670,4504458687417952,4539760365784793088,0
13194676436996,4503900328036640,2954634034438733824,0
6597875171340,27023247236929944,7260081875274694656,0
549822930945,2252280882529472,4467693975653842944,0
8796629958664,9430008758274320,3783089657688883200,0
17593259982860,4621679041572245088,3530958447300313088,0
17595407466508,13793227405266720,2269880182892396544,0
1099712978947,7881771860889440,9151587128142987264,0
2199425957890,6756241312845792,4539760365784793088,0
8797972267016,27023375997868560,3801177725356474368,0
8796629958660,4504544550061600,612520335647965184,0
939573254,6755863330557792,4287563185772298240,0
4398314962946,2251937277805760,648544734620418048,0
549822935041,9226750148948790208,3386838861177946112,0
4398851866630,6755811790426048,4251529992854306816,0
2199425925123,2252263728353088,4467693975653842944,0
26391500685336,27023517745548824,2287896780425134080,0
4398986149902,14498018722848304,9187620324282204160,0
2199291707395,2252332416371808,3530954049253801984,0
1006696454,2312599473940338720,3513086989328973824,0
3298937552899,6756275672583008,1945686980419387392,0
402710530,2252263703184448,1297159840132497408,0
13196152938505,18015562517060360,2648252923556921344,0
3298669125635,7037346888814432,4539874714994081792,0
1649334562817,9226749874034183488,4539901103273148416,0
288256765504585740,13511400286329616,4593810158383005696,0
402702342,2313091870388394944,9079520733717069824,0
4398851866627,7318890593390176,2233921754617610240,0
2200029945862,7319431792824160,4539764767052529664,0
4398583480324,13933625566042720,9151578325607514112,0
1100014993414,14357002038287920,3495072595114459136,0
1649401675778,4504424326110784,2540294072627625984,0
3221422092,2319847244057545952,3675073637523652608,0
50343937,9226750767390524544,3675174797962117120,0
805404676,4503874528348096,1801501424136224768,0
469825539,7881711696217984,2161789397010219008,0
201334787,9230128467154046048,1261144236179324928,0
1099712962561,3377854363996096,4467676383467798528,0
805404684,14498156155640944,8611155166416076800,0
3298937593863,7248871981595616,18375231837439000576,0
503380999,6924285251766193344,4575934306660122624,0
6598009339911,15763689751453552,9187479579277656064,0
2199425966083,6755880508852160,2233921757838835712,0
4398314979334,5349106949556800,4539760365784793088,0
4398986076166,6755811783083904,2233846988900663296,0
8797703733254,6755846150686560,2269844998520307712,0
67121153,9224498142949411968,3675209979112980480,0
15395176284172,14497743828295216,4575793565145235456,0
288247969411694604,13511632160033952,2233846987826921472,0
17595407466520,27515892773165536,9187615918719500288,0
824734396417,9226750148912090560,4467834713142198272,0
13195750342668,13512456844217752,4593810158383005696,0
274928244736,9224498203079478848,7350419958225960960,0
2199425957894,13511374516526616,9205493977787138048,0
4398314979330,6755708700722752,1297159837985013760,0
8797703831580,27023279348652536,4539760365784793088,0
4398986133516,13511615059860528,2414206480422010880,0
412434315265,13842940351187269600,9187620316766011392,0
6597472468994,6755725925158496,4539760365784793088,0
13195750211592,9500463410188144,4575789162803757056,0
2199291740162,6755811811396928,1657447808174653440,0
2199493050372,13511743835212896,3530954052475027456,0
2199493066758,6755691557031264,4539760366858534912,0
1099645861890,4503891726568000,3675201178724990976,0
17595944534040,27023264345493272,3585003843462627328,0
824684058625,13838999117337993152,8863638235557920768,0
268468230,4504544586762256,3476915252845608960,0
17595944337436,27234385581055968,4539760365784793088,0
8797166829572,14074642243782160,1765477025700642816,0
549856489473,9226750148949839808,4467693975653842944,0
6597875171332,13511408807840352,4539751569691770880,0
402702342,13511889870392432,3963440358485917696,0
4398851907589,9236883385529927968,3819184426479255552,0
274995355649,6756224191699984,16177484015375220736,0
117465090,4504080728721472,2377975378095374336,0
1099746537475,9226750183317969760,9151587121700536320,0
6597875105798,4504450084900320,2233846987826921472,0
52779779555340,1166645089158306272,9151437588119158784,0
4398851915780,9007809245743136,3494929651891961856,0
17593259982860,13652391121129184,2233816202038214656,0
17595407466504,9289352882687760,2269880182892396544,0
35190814933008,13857436557193253904,4575723192106090496,0
1924346699779,2252074749791776,3567409456784343040,0
1099645861891,6755914896902384,7386169470701535232,0
2199425925123,3377837191989184,2233846987826921472,0
1100015001606,6756344400449120,4539760367932276736,0
4398851932166,13511675113639392,2269880182892396544,0
52778705747976,9007809190170128,1207032869856215040,0
201351171,6755674338887104,2233917357644840960,0
134242305,9226749942766241344,2161850966440148992,0
1099981438982,13511348754324064,2936485497121275904,0
2199425957891,6756361571929440,4575789162803757056,0
4398851866630,6755932083592224,1801505823256477696,0
4400059875342,13512783282573304,4386645676914638848,0
17595944534032,8089134604277258512,2630234123779702784,0
402702342,7319294351773536,3963299616702595072,0
234909699,6755725916770144,4539901109715599360,0
234911747,6755811783083904,2233846991048146944,0
2199425941508,4504484448046864,1747535195495464960,0
201355267,6755811789374656,1369226229189705728,0
1610809356,9289284157180256,4539901105420632064,0
1099645870083,3096765974187968,9079503139383541760,0
1649468792833,2252074749270880,4539760365784793088,0
2199291740166,13653215807281632,9079520731569586176,0
2199962894348,27234385583806872,9187615918719500288,0
26389889875980,32019485957560736,3999332808546844672,0
201351169,2252332420040384,1297168636225519616,0
3298937593859,6756284313115056,4575789162803757056,0
6597338234886,6755725925157936,3566987244319277056,0
13194944954374,13793158726425056,9151578325607514112,0
6597875171332,13511752428293680,2053707400778612736,0
268492807,13850962353604009152,1189058057926131712,0
67133441,2252212150472128,2233917358718582784,0
26389889744908,13511752431701552,2269875784845885440,0
1073872920,6945607941375148000,9151587121700536320,0
1099645870086,13652150658536288,9151578325607514112,0
2199425957891,6755674377162592,4251529989633081344,0
268468226,4785959403522496,2017647817434071040,0
1879261196,9232380318507863088,2035696301609320448,0
1649468792833,3377940271205952,3963431554876702720,0
3298669125633,2252229335058240,4467834713142198272,0
824734408705,6756249886266336,18375231837439000576,0
1099645861890,13512512648783664,15528965669033869312,0
805355527,7600365601557600,3963440357412175872,0
4398583480326,4503874537784864,1837534618664828928,0
549856489475,9231254367128001568,18429290426130235392,0
1099712978947,2252315275823680,4539892307180126208,0
2199425925122,2252212154664800,1945616611675209728,0
402690054,4504115085313600,1801505823256477696,0
2199224606721,3377837174163392,2161850968587632640,0
17595407466508,14496919125233456,4377637377879834624,0
201351169,3377905910417024,2161850968587632640,0
1649468792833,2252074758179872,8178814000235020288,0
134234114,2252332441537632,3530954049253801984,0
1099746537475,9231253748580356032,4539764767052529664,0
2199425933315,6755914869638208,1585390216284209152,0
1099712962561,3378163635194816,4468116188118908928,0
13195750342664,28008130487268912,9205634715275493376,0
100675585,9226750252003888192,3963440357412175872,0
3221733407,9256024813590159352,4593737590615572480,0
6597875105798,4503926098890176,2233846987826921472,0
3298937585666,6755725925158880,4575793560850268160,0
4398583480324,4785959423446304,2233838191733899264,0
1099712978945,3378112066749568,3603108406757425152,0
536903686,4504132263611488,3530954052475027456,0
13196152995848,27304301215620656,4071390404195385344,0
13194676469764,13511675113637152,2053707400778612736,0
8797703700484,13511752428555824,2269880182892396544,0
2199425933315,6756481796933152,1837604988482748416,0
549856485377,3378112103452480,4539760365784793088,0
3298937585667,7600915352129376,9151578325607514112,0
2199425933315,3377837191989184,2233917356571099136,0
201351169,3377837190940096,1369226234558414848,0
2199425957891,7600228153167712,4539901109715599360,0
13196018810892,15624056069824312,4593810158383005696,0
1073774596,13722759850625248,3963299614555111424,0
13195750244364,13722759917214176,7998656821000667136,0
3298803367942,4504149487786400,9151578325607514112,0
402685954,4503874522055680,2233846988900663296,0
13196018679820,13511649352485936,4575793560850268160,0
2147614728,16153427675968179248,1765547393907949568,0
4398851915780,13511649327319344,3494931849304604672,0
402702342,8444781939133632,3675073638597394432,0
2199493025793,9226750148908944608,3999328416942784512,0
2199493074950,4504424314572256,4143447998233313280,0
1099746533383,6756481906777648,8196828406260695040,0
4398314995714,2252263702660672,2161850966440148992,0
1649401675778,4503874559283168,4251521193540059136,0
549856489473,9226750148916285312,2738452456231927808,0
1099578744833,3378232363060832,4539760365784793088,0
4398851915788,9501494263683888,9187475181231144960,0
469786627,6756481839402848,4539760367932276736,0
2199291740162,274894684288,216199170392850432,0
805355526,6755811789375424,1080929882877198336,0
268468230,5348419717041472,1657456606415159296,0
134234114,2252109056574464,1153009467684552704,0
100675585,9227313219137703872,4467834717437165568,0
17594333659160,19000789394266592,4539751569691770880,0
1610711046,5348351032692160,4467693976190713856,0
469819394,6755811780986816,1873629387455201280,0
549856489473,9227594702731616224,9079467959306420224,0
4398851850246,13511675096861024,3855217620470988800,0
36035394894069766,4504432892713968,4053510144493879296,0
17595407466508,13511675122026272,2125837562583973888,0
1099712978947,3378112091393504,4539760365784793088,0
1649334558721,2252272315402848,9151578325607514112,0
1649468792835,2252212154666848,4539760365784793088,0
72061992621375496,27022761771930160,9187475181231144960,0
2199425957894,6756352990645808,4575789162803757056,0
8797703700492,4621678968551770528,3729112432858103808,0
8797703700492,13511413102545168,1477242250428678144,0
6597338234886,6755674369297888,4575789162803757056,0
4398314979330,5067082174565440,3675060443384119296,0
3299004678148,4504149432474720,2342124697665142784,0
13194676502534,15763449157783024,3999332808546844672,0
1099746539523,9230128278234734560,8755556244158152704,0
234945542,2310347674052725856,3530954055696384000,0
2199425925123,6755725916770144,4539760365784793088,0
402702339,6755914870164576,3675209981260464128,0
26389889875980,27304850966186464,4539764763831304192,0
1099645861890,2252074715713504,2233917356571099136,0
576566311862534168,27022173344108272,2287841804843745280,0
274936641537,9226750174787279840,17222319158989946880,0
13196018679822,13512783265794544,4575793560850268160,0
4398986084359,7248938494992368,9151578325607514112,0
536969224,28007992909894416,4143447998770184192,0
6598009405446,14356314784010224,4575793560850268160,0
8797972185100,13512851993664352,3711102435616358400,0
6597472468994,6755794644635232,4539892307180126208,0
4398583480324,13511378742807824,1837534618664828928,0
939556870,4504682025193152,1945616612748951552,0
4398986092547,7881780417267680,4575793562997751808,0
4398314995715,6755811789375168,2233917356571099136,0
4398851850242,4503874523104416,1549304242513117184,0
4398851866627,6755846150162368,2233846987826921472,0
288256766041489414,4503891739149488,2269880182892396544,0
3298937585666,6755725916770144,1657386235523497984,0
6597472468998,4504484457483824,4575929900292112384,0
6597875187716,13511623556729312,4575793560850268160,0
4398986149894,6755932083062720,2233846988900663296,0
1073872904,28081084671729168,4089404801094254592,0
17593259982856,27515961490152208,3783160026433060864,0
4398583480326,5489170131455520,4251529989633081344,0
26389889777676,14496850416242096,2269880182892396544,0
4398851850242,6755846150162272,1080890298847985664,0
117454849,9226750217641004800,4323701947912683520,0
1099645870081,2251971644884928,2161763005509926912,0
1099712962561,9231254281145292480,9151560733421469696,0
13194676502540,13934725152643856,4593807959359750144,0
3298736234499,6755863355723616,4539901103273148416,0
8797972168716,31526911192472504,4575789164414369792,0
50347009,13838999787353939136,7350428760761434112,0
134234114,6755682944026784,4467623606909665280,0
2199291740162,6755691557030240,2522288470211166208,0
100671489,9224498074232030336,1297159840132497408,0
8797703831564,28008542699788832,4539760365784793088,0
824835072003,7319440382762208,4539901103273148416,0
2199425957894,6756481837305184,3963431561319153664,0
2199291723782,13511623553059296,3963299613481369600,0
26391500423176,18156265681455392,4539760365784793088,0
6597338251270,6755674383977536,1369226228115963904,0
1099712978947,6755863363587008,8935387951307685888,0
469864452,13511623580848064,1801508022548168704,0
1099712978947,6756490420951072,3567127985028857856,0
13195750211588,13511743831019360,2233846987826921472,0
1073872904,27515317211640768,9079274440964964352,0
4398986084358,13794326967228976,8899389942761783296,0
2199157481473,3378112066749568,1297098266407600128,0
939573254,16889563816398528,2233921757838835712,0
1099981438979,6756426004301696,2161859764143783936,0
6598009323526,4504630485585120,1837604989019619328,0
6597472468998,13511649327325152,4539689997040615424,0
50362371,9224498074224692800,3531094801774542848,0
2199493079047,7882295846903664,8197112076502564864,0
17593259851780,8444781904004640,1116923493913460736,0
134234114,6756249898584544,4539751571839254528,0
67121153,9226750183309581248,4467693979948810240,0
469819399,6756481839402976,4539760366858534912,0
2199493042179,9231253748581928416,4575793560850268160,0
8,9008328967979136,8646911284551352320,0
3298736234499,9226750217670107120,9187615918719500288,0
536936460,9501468493879584,7278089679935635456,0
2199157489665,2533730082096704,2450116526963949568,0
549822935041,9226749891218246592,9079784614360252416,0
8796898426886,16748714663874336,4575793560850268160,0
1099712978947,3378232329506752,4467693975653842944,0
3298736234499,9231253748573539808,4575789162803757056,0
1099712983043,9231253851664817600,9151868596677246976,0
2199493033986,2252212151519168,1945616612748951552,0
4398851917318,13511675189141344,4575789162803757056,0
4398851850246,7600365600509536,2269880182892396544,0
4398986084358,15764537978142688,9151327636956381184,0
1099981438982,13511864087481440,3494931853062701056,0
13196018696206,13511752431702000,9187901791742722048,0
1099712978947,6756275672587056,4143588737332281344,0
13195750244364,13511657908602400,2215839186387206144,0
13196018778124,27023311565102872,4305577583208038400,0
105559559110680,27023307269999856,2269880182892396544,0
805404676,5348419724904000,1369155860445528064,0
3299038317580,9008848590868720,7404197067108646912,0
201351171,6755674371395456,1873629389602684928,0
8797703733252,14496919137816096,9151587121700536320,0
6598009405447,15763423451029496,9205634715275493376,0
4398851915788,9008951717793632,2269882381915652096,0
8796629925890,4503874525201600,1657386235523497984,0
2199425925122,2252126255320384,3891233229792870400,0
2199157497859,2252212184550880,4539892307180126208,0
1099712983043,6756224200350688,9151587121700536320,0
1099712970755,2252212155713280,2161789394862735360,0
4398851866630,13652391173298656,9151587122237407232,0
2199157489665,2252057544230784,2017683006101127168,0
4398583414788,4503891739150656,2161864160579682304,0
2199425957890,7178501005777344,7350419962520928256,0
1099712978947,2252212163055424,1369226230263447552,0
6597875171340,9008861511686576,9187475181231144960,0
26389889875980,9007869319448608,2269880182892396544,0
17593259851780,14356177361569760,2269875784845885440,0
4398583447564,9149616144781712,4936433374760796160,0
6597875171332,13511348740430064,9205493977787138048,0
549856505859,2252212162006976,3711243174178455552,0
52779779489800,6945537570340872048,4575793560850268160,0
3298937561091,6756378751803360,4575793560850268160,0
2199425933313,9226749942748415936,1945686982566871040,0
6597875138572,9008900170320672,2269880182892396544,0
4398583480324,13511649338328496,2053672216406523904,0
402702342,7600777918418784,4539901106494373888,0
134248451,9230127762771544928,4539760370079760384,0
4399925657614,13511683703836592,2215909557010432000,0
6597606670340,4504441482382112,4539760365784793088,0
2199291740163,6755940673785568,4539760365784793088,0
2199425925122,6755734512995904,4467693975653842944,0
52778705879056,18437774980683952,3566916875575099392,0
17595407400984,2333921894887463408,4575789162803757056,0
2199425925123,2533747258822208,4467834717437165568,0
1610809356,13230414877953120,3963299616702595072,0
26389353005064,27444974235947440,9187620316766011392,0
1073938440,9007809180208912,1747464825140674560,0
6597875105798,13512568542338096,8196689860279402496,0
201342979,6755811790947936,1801554203378712576,0
268484611,6755863330555744,1945686983640612864,0
234893315,9231254298340366720,3675073637255217152,0
8796629925890,7318881996637248,1297089469240836096,0
6597875105794,4503874537784384,1225040671295930368,0
402677763,3377940271204288,2161850968587632640,0
8797703733252,13511752428291872,2125764996427153408,0
134225921,1126037377255104,1369226230263447552,0
100691971,6756494790761584,18374959158555312128,0
17593796853772,13864192583796529952,4431678374385025024,0
201351171,6756425996704224,9151578325607514112,0
100677633,9226750148908944640,3891206838292578304,0
1099712978945,2252237920799008,4539901103273148416,0
1099746533377,3378163610029632,4467834717437165568,0
2199425957890,6755811824504032,4539760367932276736,0
13194944872452,13511649322863072,4539760365784793088,0
4398851850246,6755811790423616,1801505823256477696,0
6597472468998,6756284261736304,9151587121700536320,0
26389352873988,4785392454731168,2269880182892396544,0
52778706010136,28078885682158104,4593807959359750144,0
4398314995714,8444781941755584,4539760372227244032,0
550007502851,9231253748584550336,4539901110789341184,0
4398851850246,6475006856399968,2233917356571099136,0
26389889908748,14356319095754608,4593807959359750144,0
8797166960648,1162176665277960352,4828122683331837952,0
1099645861890,6756224116201952,9151587121700536320,0
17593259851780,4785959425543616,2161745413323882496,0
2199291707394,2252203571547200,4467606014723620864,0
134234115,2252212159907456,720637514104176640,0
6598009405454,13512512678801648,9187620316766011392,0
4,212246752662464,8935141660703064064,0
13196018679820,13581732516600048,7170007683704029184,0
4398986092551,9239135597689835488,4575789163877498880,0
4399925657612,13511683703836464,2053707402389225472,0
4398986084359,7318882028096704,1369226229189705728,0
2199493079043,8444781909772224,4468116190266392576,0
2199425925122,4503874529395968,1945616611675209728,0
6597875105796,4786165589216352,4539892307180126208,0
1649468792835,6755674377161696,4539901103273148416,0
3299004694534,6756464659009120,2269950553247186944,0
1649468792835,3378112062558144,4107555539045580800,0
6597338234882,5066944750290816,2161850966440148992,0
274928252931,13842939767009840000,2522292871478902784,0
549873266689,9227313219169160768,9151868605267181568,0
2199425925122,6755674342033280,2233846987826921472,0
2199291723778,4503926069528096,1801571792343531520,0
4398583414788,4503994830423616,2233846987826921472,0
805355526,7741515407826016,3675209981260464128,0
268468226,4503874532541504,1225089053028777984,0
3299541639182,27023376098271216,4575795759873523712,0
25172992,13836747111332318464,7782747934562451456,0
8797703733262,15763560831389488,2269880183429267456,0
1099713011719,15763483584634672,8899389948130492416,0
469798916,9008006801920544,2342016949820588032,0
134242305,3377940253378432,2017735780511776768,0
2199425957894,4504209621522992,7458233661809229824,0
1099712978947,3378129250291264,4539751569691770880,0
134225921,3378142125756352,2017718188325732352,0
3298669125633,3377837183600576,4539901103273148416,0
8796629991428,13511675110491936,1801501423599353856,0
6597338218498,2252212154664512,1225040671295930368,0
8797166960652,9007869325739312,1116901503680905216,0
536969220,13511649323126048,4539760365784793088,0
549856489473,9226750148958232416,9151859800584224768,0
1099712978947,2252074732493760,4539760365784793088,0
13194944937998,13511623581894624,2287862695564673024,0
17593796853768,13846178047848092128,4575921104199090176,0
4398851850246,4503926103084352,3963290817388347392,0
549856489473,9224498074225739008,3747118037422047232,0
8796898361350,6756284257537120,2233917356571099136,0
1610711046,13511683702525216,3963299616702595072,0
4398851850242,7600356977542848,1873620596730888192,0
3298803351554,2252212162004160,1297098265333858304,0
26391500685336,27023251448143864,4593810158383005696,0
100675585,2252074708372992,3747258775984144384,0
134242305,2308095229951478784,2161850966440148992,0
1099645853697,2252005990990976,1441398175658147840,0
8797972267032,27023272906198408,2080732297077719040,0
2199425933315,2252212157810624,1080925483220074496,0
8797703700484,13511683702787360,2269880182892396544,0
6597875171340,13511683702263056,2287894581401878528,0
234944515,6755880534019200,3675209982334205952,0
26389352873996,9007809176275424,2233917356571099136,0
1099914313730,6755674335741312,648557930370564096,0
3299340255240,18016597632882704,4053273749493907456,0
2199157489665,2252040358069312,1297159837985013760,0
134234115,2252212155713280,2161789394862735360,0
1099712978947,3378215144918208,3891242019443441664,0
824885395458,4504149485425056,5404583439930228736,0
6597338251270,6755811786229728,2269844998520307712,0
2199157497857,3377957451073088,2233917356571099136,0
6598009339910,13511889937767984,9133579320260820992,0
2199425957890,7037278210756288,3891233223350419456,0
549856489473,9226750252037443200,4467834713142198272,0
6597338251266,6755674343081536,1801501423599353856,0
2199157489667,2252212154664896,2161763005509926912,0
134234118,4750781554499552,6846016791370530816,0
201351169,2252074725146816,5116141955398500352,0
50345987,9225624249050336448,3675073639134265344,0
100677635,9231253851656948832,3566982853788958720,0
469819404,27165767147852304,9205493978860879872,0
1099981438978,6755734506703712,4539901107568115712,0
3221422092,8098529443693992800,7998947108176527360,0
2199425957891,7600906769010112,4467693975653842944,0
1099746533379,2252315269532736,3675209981260464128,0
234930180,13511348738595584,2810389104259235840,0
2199425957891,7741068713401920,4467834713142198272,0
1073807365,9229283372173363008,1873550222618001408,0
4398583480326,4504424285210464,972808305837604864,0
134242305,3378163596922208,3819184428626739200,0
2199425925123,2252212158858688,2233846987826921472,0
1099712978945,6755734515359728,9151560733421469696,0
1879293980,27867800926953328,4575793564071493632,0
17595407499276,32512417216602080,4575934298338623488,0
1073971214,13511623566689904,1116925693339369472,0
134242307,2252332420566624,3675201183019958272,0
549789372417,9226749977159539904,7350138478954283008,0
1099645861891,2252074728294848,4467834713142198272,0
469819398,15763474927325024,2233846988900663296,0
549856489473,9226749874039426944,3891373965133742080,0
2199425933315,2252341039074848,9151578325607514112,0
1099712978947,6755725916245856,4107419202824962048,0
35186519965712,18508143728531824,4575789162803757056,0
2199291723782,13511408842707376,8611159564462587904,0
4398851850244,4503994786383296,2233846987826921472,0
2199157497857,3377888723733824,4467693975653842944,0
26389352873996,2315835963699890336,3675069237329657856,0
288247971559374872,27304855286452216,4593821153499283456,0
1879244812,14637626555369024,1837528023474110464,0
52779779555336,27445042959097840,4575789162803757056,0
1099712970753,2251937282000256,1585390216284209152,0
549822930945,9226750148909993408,4467693975653842944,0
4398314979330,4503900312308032,4467676383467798528,0
402677763,3377940271203904,1945686982566871040,0
1649468792835,6756284321242720,9151587121700536320,0
201334785,3377905910417280,2017735780511776768,0
4398851915782,6193540473818816,4539760366858534912,0
2199291740162,6755674337314016,1657386235523497984,0
1099712978947,6756069572878304,4539874714994081792,0
805339138,3378215134430272,1369226231337189376,0
8797703831560,27023311569817096,2287859397029789696,0
1099645853697,3377871551729216,9079379994081230848,0
6597338251266,7037278174580256,4107414801557225472,0
805404678,4504458678504928,2233917359792324608,0
65544,9254625949782368,4323455642275676160,0
2199291740162,6755794644633696,3530945253160779776,0
1649334558721,3377837188844608,3530954049253801984,0
134234115,2251937277806336,720637514641047552,0
4398583447556,13511408805480736,2233846987826921472,0
1006761990,2319917703006522976,3566989447369064448,0
2199291740162,6755674376637280,2378032544646955008,0
469823494,8444713209171008,3675209982334205952,0
35187593445384,28008538413210400,2702296116937883648,0
134340622,27022710231800208,4431678372774412288,0
1649468817410,4996797271642464,18375214245252956160,0
13194676502540,9008861509589216,4575718794059579392,0
4398851850242,2252194976368160,1225040671295930368,0
36035394894069766,4504149420417008,4575718794059579392,0
134242305,3378112065701824,2161780598769713152,0
13194944954374,7318882003453536,2269880182892396544,0
2199425957891,6755828991790400,4395645180930162688,0
70375187021848,9008152804331056,2287896780425134080,0
1099981447175,15764522943651312,4575793564071493632,0
402685958,4503874525202400,972843491820306432,0
3298937585666,4504527397981280,3530954050327543808,0
1649334558721,9226750252037443136,9079503139383541760,0
1099645861891,7037278208134176,3675201178724990976,0
100675585,9224498108572894336,1297265397543731200,0
805421062,13793158747397600,4575718794596450304,0
469811206,13511623574032160,4143588735721668608,0
6597472468998,13933969241022432,4539901103273148416,0
18016597801205766,4503874562953184,2233838191733899264,0
2199291723780,5348969508505024,4539760365784793088,0
3298803367942,6755725882691008,2161859762533171200,0
1099645870083,6755725916772928,4467834713142198272,0
939622412,1166961782870776768,9115562722728083456,0
4398583480326,13511752431439456,4539760365784793088,0
824734396417,9226749874046766656,4467693975653842944,0
6598009339910,13511683769637728,9151587121700536320,0
8797703733252,13511675109444848,1837536819298697216,0
4398314995714,6755914869639104,1801501424673095680,0
3299474505732,13511606469659680,3566987247540502528,0
8193,4363403368603616,9079327217523097600,0
26389889744900,13511683702787888,1837604987409006592,0
4398851866626,2252212158859200,2161850966440148992,0
1099645861891,8444558592444480,2522147735944036352,0
26389889744908,13511623533660128,612520335647965184,0
6597875122182,13511881274170464,4575793560850268160,0
13194676502534,4503908889134944,1116923493913460736,0
503365638,6755674350421568,1801497027163455488,0
402669571,2251937261028864,1873559020858507264,0
402702342,8726815266311264,4539901107568115712,0
36030996444889091,6755811782035424,4575709997966557184,0
26389353005064,27023264315870512,2269875784845885440,0
4398583480324,14496910551551008,3675069237329657856,0
549822930945,2252212147326848,1369173454779056128,0
2199493033986,2251937284097856,1801501424673095680,0
402710534,13511829740325984,3711102433468874752,0
1099645870081,3377871551727488,2161850966440148992,0
549789380609,9226750269216791616,9079520731569586176,0
1099578744833,3378112069898176,3530954052475027456,0
2199425957891,6755734506708832,9151578325607514112,0
1099712983043,9225624377893853216,7025892510660558848,0
67244048,9225060955442905984,2089802170642726912,0
8797972168708,5630014950212800,2161789394862735360,0
134234113,2251937267319488,1873629388528943104,0
2201103728652,27023307278130992,4575934299412365312,0
1099713372162,6756224179117024,4539733977505726464,0
2199291723778,4503926069003840,1801501423599353856,0
2199425925123,2252263694271808,3675069237329657856,0
2199425941506,6755674344130432,792699506725486592,0
402710535,6756344387341408,2269880184503009280,0
4398986133518,17735114099789424,2287896780827787264,0
1649468780545,9226750148949842880,9079520731569586176,0
3298937552899,6756481839402592,4539760365784793088,0
1649468792835,6756232706399072,9187615918719500288,0
2199157489665,2251937279903616,1873550221544259584,0
1649468776449,3378163643583280,9187607122626478080,0
105559559503920,54044561462005528,2296869894819414016,0
6597875171332,13511640753899056,2269880182892396544,0
3298669117442,2252212147324800,2161789393788993536,0
549856485377,9226750148915236288,3531094794258350080,0
67121153,9226750209079906112,4467693977801326592,0
13195079155716,13511743839407904,2269950551636574208,0
4398851932164,13511408874948896,4449694971917762560,0
3298669125635,6755811815591904,2269880182892396544,0
824734396417,9224498074233080384,4467693975653842944,0
35186519703576,6945185629982562576,2630344074942480384,0
2199425925123,2252212162004928,1945686980419387392,0
1099712978945,3377837172066048,1441257438169792512,0
1099712978947,6755863364112192,4539892313622577152,0
4398314995714,6755734478390336,2161833374254104576,0
4398986117132,9008848626518448,4431678372774412288,0
6597875171340,27515894886576560,9187615918719500288,0
8797703733254,6755811783082976,1116923493913460736,0
4398583447556,4503874528347456,2089731799751065600,0
6597875171340,27022697351099160,9205634715275493376,0
4398314979330,6755674336265440,1080916687127052288,0
8797703733260,27023247136266520,4593739789638828032,0
4398046543874,25773998080,432591854832189440,0
6597875122182,6756284262518624,4539751569691770880,0
3298937561091,7881728902827488,4539901103273148416,0
2199425957894,13933694360492560,8899389940614299648,0
1099981418499,7881831990431584,4575793564071493632,0
2199425957894,16748718949403952,3711243173104713728,0
402669571,4222562764065888,3531042017700216832,0
70383776956440,29133755365854768,2287896780425134080,0
33558528,9225061092898639232,4467693982096293888,0
13196018778136,18156265644890512,4521682195600900096,0
1649468792835,6756275680976576,9079520731569586176,0
824868630531,6756009401397696,18375231837439000576,0
6597338251270,4504441478191584,9151587121700536320,0
6597338251267,2252315242268352,2161850966440148992,0
6597875105798,13511408808889120,3711098034348621824,0
2199425957890,4504003413806128,8178814000235020288,0
1649502347267,6756361571405760,4539901103273148416,0
1099645870083,6756224115677632,9151587121700536320,0
268468226,7318882001356640,1080925483220074496,0
100671489,2252074742974912,7926599231257706496,0
1099712978945,2252212150996448,3386838863325429760,0
234905603,6755811818737120,4575793562997751808,0
26389353005064,9430004465667360,2125764994816540672,0
17595407400984,27023307265805536,4575723192106090496,0
2199425925122,2252074711518528,4251529989633081344,0
1099914297346,5630401514576832,9079503139383541760,0
6597472468995,6755828991790528,4467693975653842944,0
2199425957894,16045164727901936,9187901791742722048,0
1099712978947,6755932083588960,4539760365784793088,0
4398851866630,8726256884385728,2161833378549071872,0
2199425925122,2251937272563008,1369173454779056128,0
26392037294104,27023277133531440,2269849396566818816,0
6597338234886,4503926074772512,1261139837059072000,0
2199425941506,6755914865444544,2161780599843454976,0
4398583414786,6755811783083712,1080890298847985664,0
549856485377,9225624369308372192,9151701470909825024,0
8796629991430,13793158680284608,4467702771746865152,0
13194944937990,5348978104733280,4539760365784793088,0
4398583447564,9007809178372640,4107414801557225472,0
6597338251270,4504544586763872,4539760365784793088,0
6597338251266,6755691552837024,4539764763831304192,0
17595407400984,27023311569817360,1855551216197566464,0
201342978,4503874522056128,1801571793417273344,0
402669570,6756284245740512,4467693975653842944,0
3298669125635,6756361571405792,2233811803454832640,0
2199425937411,2252212163053504,2161850968587632640,0
549822930945,2252074708372480,1585381421264928768,0
4398986133510,13793158663506784,4539760369006018560,0
1099645861891,2252212162004800,1945607815582187520,0
524320,6954193381176381568,3566912477528588288,0
6597875171334,4504424327153248,1765477024626900992,0
6598009389070,13511623581896640,2269882381915652096,0
2199425957890,6755777425444480,1873629389602684928,0
402710535,7881780415694784,2233851389631528960,0
3298937585670,6756361578745824,2287967149169311744,0
469811202,7600777914223712,3675209981260464128,0
1649334562817,9226750277774217152,9080365156499718144,0
3299004669955,7882390336442224,4575934298338623488,0
2199493066754,6755914869640288,3566982849493991424,0
2199425925122,2252126255318592,2233846987826921472,0
1099712978947,7741515383708480,7422209267131744256,0
2199291723782,4504553159921344,4467676383467798528,0
2199425925122,2252074723050624,1297133451853430784,0
805404680,18158567891025776,4575657221408423936,0
1099981438982,4504209554148192,4539901109715599360,0
4398851866630,6755932083064384,4539760365784793088,0
8797703831564,13652425486110512,2269880182892396544,0
100677633,9226750148957179584,3675491458384658432,0
26392037392412,31527254814892024,9205636914298748928,0
2199425933315,3377957434296000,2161850972882599936,0
1073938456,18510411611906032,9151437588119158784,0
100677633,13838999186052747232,2233908566920527872,0
3298937585670,4504639076306016,4539751569691770880,0
3298669125633,3941182267722880,9079503139383541760,0
6597338251270,6755674351470176,2269880182892396544,0
1099712962561,2252263694273408,4323701932880297984,0
3298719449090,6755691556507456,4467693975653842944,0
6597472436227,6755734506704320,4539751569691770880,0
35186519703560,15482214700289584,2269946153590063104,0
8797972267032,27023277230526232,4602712904033107968,0
201351169,2252332422663200,2414206479348269056,0
3298669150214,13511374512331232,4467693975653842944,0
2199425966082,4503874571341408,1261126643993280512,0
13196018810892,27023277205363696,4575934298338623488,0
3298937552898,6755811782035264,1945686980419387392,0
1073938444,9008006759451664,1747464825945980928,0
2199291707394,6755734503820832,1945616611675209728,0
1099645861891,6755846141775296,2233908560478076928,0
8797703733260,15482214691901216,4575793560850268160,0
201351171,6755811789375168,1945616615433306112,0
8796629991430,5489131477012160,2161780597695971328,0
6597472452614,13511687982030816,4539892307180126208,0
35186519703560,10978340194750048,2233851385873432576,0
8796629925894,6755811790423584,900750711799676928,0
1099712983041,9226749874045716416,1945686983640612864,0
8796898426884,4504458678502720,2233846987826921472,0
1099645894658,8445340325255200,9151446384212180992,0
100691971,2252246556347968,3675209982334205952,0
549822930945,6755674355665344,4251529989633081344,0
1099712978945,3378180788326272,4323701932880297984,0
4398851915782,4645187572206944,3963299615628853248,0
2199425925122,4503926086306336,4575789162803757056,0
13195750342680,27023277205227800,4593739789638828032,0
805355522,6755863330031456,1945616612748951552,0
268468230,5348419750069696,2161780598769713152,0
4398851866631,9232098749035580512,3711243173104713728,0
2199493042179,7881711727153120,4539760369006018560,0
4398851932166,13511756726669104,4575789162803757056,0
26389889777670,13793231699709488,4575789162803757056,0
402702338,3941182276109376,1369226231337189376,0
402702339,6755811822931008,1225115441844715520,0
4398314995714,2252212163053120,1945616611675209728,0
234905603,2252212155715456,1945673790037950464,0
52784074784792,28078913619894264,4593810158383005696,0
1649502351363,7882287248842720,9151446384212180992,0
4398314979332,4504175190215072,3386830065084923904,0
4398986092550,6755811785181120,2233851387484045312,0
3298937552899,3377837186745792,2161850966440148992,0
4398851915780,13582849177170320,7476533933341933568,0
1100014993414,4504424311427008,3711102434005745664,0
4398851932174,14498018703970104,4593807959359750144,0
3299004661763,2252212159907712,4107331240284127232,0
117472259,9231254298341416928,8287177484328239104,0
35191888681009,17350050704903650288,9187622515789266944,0
6597338251266,6756254175463856,3999328410500333568,0
4398583480332,13512461139188720,4161462395132182528,0
2199291723780,4503874525201984,1225023080183627776,0
2199425937411,2251937277806528,2161798194176983040,0
402669571,3378215136527424,3675209981260464128,0
1649502351363,9230128381255490144,9151587121700536320,0
13195750211596,9008968896089648,2269880182892396544,0
8797703700484,13511683700165904,1477246648475189248,0
4398851850242,2252074715711360,1297045488775725056,0
2200029921284,13511675122028128,4539764764905046016,0
2199425957894,4504682092829792,4575723192106090496,0
824700858371,7318813312815040,4539751569691770880,0
2199425957890,4503874558496608,2233838191733899264,0
4398851850246,8726806670085216,3675069239477141504,0
2199291707394,2533738668885824,2161850966440148992,0
6598009323524,4504424327154784,1225115439160360960,0
4398851850246,6755811809822192,2125764994816540672,0
2199425957894,6755846143870528,648584318649630720,0
4398583414788,6192982081406016,648544734620418048,0
35186519703560,13511649306085344,1080872706661941248,0
549856505859,9239418168068027952,15240739698444861440,0
17595944337416,27022173348300304,1837534618664828928,0
6597338234882,2251971626009152,1873655774660526080,0
4398583447564,9853402347997984,4359543814801588224,0
268484614,6755828970293184,1008911873942224896,0
2199425925123,2252212150469888,3458896458437099520,0
13194676502532,13933964885231136,1801501423599353856,0
402685958,6755811783083968,684613114594852864,0
1649468792835,3378112054169024,2233917356571099136,0
4398986084358,13511683703836144,4539689998114357248,0
402702343,6756490429599280,4575793560850268160,0
549856485377,2252203604053536,3531094791037124608,0
402767878,13933621272906528,4575789162803757056,0
4398851915788,27023247136399352,4593724397549780992,0
13194944954374,6755932050032480,2269882381915652096,0
2199425933315,2252074749791200,4539751569691770880,0
2199425925120,4503934640065152,4323561195391942656,0
1649468796931,9231253808707280736,9151868596677246976,0
1099981447170,4504441490771552,4575793560850268160,0
3298937585668,9008307424989360,9151591519747047424,0
13196018810894,14356177361833904,4593739789638828032,0
402702338,7178153094549440,2161833374254104576,0
4398314995718,6756352962337376,4539760365784793088,0
1099645870083,2252109084363840,2450222086522667008,0
144145976012177432,27586738270244624,2287894581401878528,0
17593259982860,9994127018823200,4251529991780564992,0
2199493066754,2252212162004928,1297168636225519616,0
201351171,9226750148912614880,4539892309327609856,0
4398449213443,6756224132976480,4539694395087126528,0
805535768,8089559020199091728,4071390402584772608,0
2199493066755,7881814763899968,3675069243772108800,0
8797166895112,27023247069154704,2125764994816540672,0
8797166960648,27023251428083824,2233811803454832640,0
4398449221639,9240543101489790960,18411273836650561536,0
26389353005064,28078902861893168,4575723192106090496,0
6597875138568,6927311455683613712,4647991892376551424,0
2199291723782,4503977610708032,1261126643993280512,0
8796898394124,6928719547859996192,4539901103273148416,0
1924279582722,2252074712043104,3603143584687063040,0
4398851915788,27023380284447672,9205489579740626944,0
1006747662,13511675113639904,4143430412489719808,0
134234113,2252040341292160,288406302307123200,0
134242305,3377905906222208,1297159844427464704,0
2199962812422,6756258500579040,1945691381687123968,0
4398583480324,4504664845321408,1369155859371786240,0
134234115,4645324989402976,18159006278767083520,0
134234113,2252005982602944,1873629389602684928,0
4398986084354,6755811783083904,2233851386410303488,0
6597338251270,6967396988099424,9151578325607514112,0
8797166960652,9853402415369744,4377567007525044224,0
2199425957894,5489835846933600,4539901103273148416,0
3298937585670,13934793874741808,9187620316766011392,0
52778705747976,27164014689393904,9187615918719500288,0
144141577428860940,9007877906501136,2269875784845885440,0
234899458,6755914903194720,3566987252372340736,0
3298803351558,4503874522056640,1189016272860348416,0
402669569,3377837171016640,2233794211268788224,0
288247971559178248,9289284182607472,2269875784845885440,0
4398583414788,4503908889134400,2089696615378976768,0
6597338234882,2252212149422016,1873559017637281792,0
4398851915788,9853402343804448,1837604989556490240,0
2199157497857,3378172199962560,4467693977801326592,0
144123985242685444,14003994310217696,4539733977505726464,0
134234115,2251937265223296,720637514104176640,0
4398851915782,13511683683650080,4143588734111055872,0
4398851866626,2252246522790976,1369217432022941696,0
549856489473,9226750269217840224,7134255970057715712,0
2199425941506,4996788612502112,4467641199095709696,0
1099712962561,3378112069897824,3675209976965496832,0
13194944937988,14356177403513312,4539751569691770880,0
4398851866630,7037415616677728,1945616612748951552,0
30787936387084,13512508387889136,4593810158383005696,0
2199493081095,13842940437028413424,9187901806775107584,0
1099645870081,3378163609505472,4467676383467798528,0
13194676436998,4503874556659936,2846547643381841920,0
8797166829572,4617175132698839360,4467623606909665280,0
549822935040,9224498142928439168,1945686980419387392,0
100675585,3378215174277184,7422477552263888896,0
26389889875980,13512448186781168,2035695201292386304,0
4398986149900,13512508354335504,5729132879875670016,0
2199425957895,6756490427505888,7422477556558856192,0
1099712978947,6755811789375424,1945686983640612864,0
8796898426888,27234383402635568,9187615918719500288,0
268484612,10064515047895856,9187607122626478080,0
17593796755460,13511683703574336,2233846989437534208,0
100677633,9227313167590231552,4323719541172469760,0
2199291740162,6755674372443584,1801505821645864960,0
549822930945,2252684615488096,4539874714994081792,0
6597875171340,15481939822124064,4575793560850268160,0
1649468792835,6756241308654432,9151587121700536320,0
4398851915790,3491382209266856416,18303156651215028224,0
8797166829576,9007800588438304,2125764994816540672,0
4398851932166,6756361580578800,2269946153590063104,0
100691971,9227594702737906912,9151859804879192064,0
549990719491,2252212159907712,1873629389602684928,0
100675585,9224498074232032960,3675060443384119296,0
1879146508,17305048243646248672,6773967993425625088,0
1099645894658,2252074724099648,4107309248440958976,0
35186519965720,27445519666645280,2233846987826921472,0
2199157489667,2251937282000000,1369191051260067840,0
17593259982856,27515952908475936,3567123586982346752,0
3298669117443,2252104809056544,2738311718743572480,0
268468226,4617175132707228224,2954634040881184768,0
67117057,9224498417808442560,1297300581915820032,0
4398851915780,13511675113639200,4395645180930162688,0
2199157489666,2252057537938496,3603002847198707712,0
13196018679814,13511743841505136,2287861596053045248,0
268484610,2252126261610304,2089731800824807424,0
1006835736,18437843701733680,2630344082458673152,0
6597338234886,4504450072317536,4539751569691770880,0
402669571,2251937277806464,1297098266407600128,0
6597338218498,2252091925465280,2810378108874522624,0
402702339,6755914863346880,1945686983640612864,0
2199425925123,6755811790948320,2233890968292032512,0
2199425966083,6755811812187632,9187620316766011392,0
3299004702735,15764522975109104,9205918389275459584,0
2199425925122,7037346895105600,3675174806552051712,0
3848693399558,4504149490932496,4143443598576189440,0
4398851850244,4504450068122560,2161798189882015744,0
2199425957895,6755811816640448,2269880182892396544,0
1099712978945,2252212154666048,3675209981260464128,0
8797703733260,9289352882949664,4575793560850268160,0
17595944239110,6755932083588704,1945691379539640320,0
17593796853772,15622630065573392,4431680572334538752,0
4398851915780,13511640749704672,2233851385873432576,0
201351169,3377837187794752,2089802171716468736,0
17595407466520,16161100465420246840,4593737590615572480,0
402714627,6755811774695296,2233851387484045312,0
134234115,2251937277805952,1873629388528943104,0
2199425925123,2252229335322400,4071375009421983744,0
1099712978945,3378112061509568,3314913208535351296,0
1099645870083,6896437631125952,4467843509235220480,0
1649334558721,9224498074233079360,4539892307180126208,0
2199425925122,2252212163053088,1225111042187591680,0
234912771,9231254298334072704,3963286427663335424,0
274911465473,2252091909739072,9079503139383541760,0
52779779555356,31948298972303280,2287861596053045248,0
52779779751960,55031789709565936,4575780366710734848,0
1649468792835,6755734506969648,8179095475211730944,0
2199828611078,13511881280458720,2233846987826921472,0
1099578744833,2252100501768800,4467676383467798528,0
6597338251266,6896441908271552,5044559348236288000,0
3848794038275,6756288616472112,9187897393696210944,0
4398851850246,4504437200260512,2233838191733899264,0
4400059899918,32653279275524080,4593810159456747520,0
1649468792839,6756224128262112,4575934298338623488,0
117452801,9226750148908945152,3747267576372133888,0
4398851850246,6755803201014848,2738452460526895104,0
1879253016,27023376014773272,4593739789638828032,0
2199291740166,13511365934976536,4323523811996598272,0
469778434,6755725880593728,3603002849346191360,0
402669569,3377940254426688,1873620590288437248,0
30789547196440,27023247067055256,1107902001007558656,0
2199425957891,3941182311763136,3675069240550883328,0
268484610,6755914869638208,3675069239477141504,0
134242307,2252263694797888,3675069240550883328,0
402751492,9993040387903008,4143443601797414912,0
8797703700492,13511649339901920,1080899094941007872,0
402669571,2251937261028224,720637514104176640,0
72061992889778182,13511408876265264,4539760365784793088,0
4398986100748,9007955235048544,1765479223918592000,0
402669570,2251937281999488,792695108142104576,0
4398314995714,6755932083589088,4575789162803757056,0
2199493025793,9224498074208962304,1441275028208353280,0
1099645870083,6755691557031904,4539760365784793088,0
1099645894662,4504209562541664,4539892307180126208,0
1099712978945,3659715927608896,9079802215136231424,0
201334785,2251937282000768,1585390216284209152,0
67133441,3378112068847552,1369226230263447552,0
4398583414786,6755674343081248,1837534618664828928,0
2199291723778,6755674343081536,1801501423599353856,0
2199425925123,2252212163579488,4143588734111055872,0
6597338251270,7178569738885952,7926581634776694784,0
201342978,6755725883213344,1945678188621332480,0
15395042066444,13511683703836048,4575793561118703616,0
1099712978945,3377837184649088,2161850966440148992,0
6597606670342,4503900306802192,1189016272323477504,0
6597875171332,13512512681810800,9151587121700536320,0
2199157489665,2251937282000000,1297159840132497408,0
17593259982860,13511640749704672,2233816201501343744,0
6598009405446,15763487879602160,9187620316766011392,0
469823491,7881831984139360,3675209982334205952,0
1879113736,9008569433330696,6935822702104018944,0
2199157489665,2251937279903168,1945616611675209728,0
1099645870081,2252263694798400,1945678184326365184,0
26389889777668,15622956487806944,2233917356571099136,0
1099712970754,4504484438347296,3495044001638121472,0
2199291740162,4504544554257504,1369155859371786240,0
3848760573966,31526906897374128,9187620316766011392,0
1649468776449,3378112095063488,4467817120956153856,0
1099712978945,3378112087722112,2810518852805328896,0
17595407466504,3486315017685709088,4684016291349004288,0
2199291740162,6755700142771648,4467632403002687488,0
17593259982852,6474465661159104,1080890298847985664,0
52777631940612,4503934691446016,4575793560850268160,0
1099645861889,2533609852898144,3098749222514589696,0
1099712978945,2252074714664832,3603002851493675008,0
4398851850242,6755811790423648,936775110772129792,0
402702338,8444781895617600,3675060447679086592,0
805421064,18228859317392144,4575780366710734848,0
6597875105798,4504450089357104,4575789162803757056,0
4398851866626,6755811790423744,2233846987826921472,0
17593259982860,14356108632657312,4539764763831304192,0
2199962886148,9236883780695232032,3567127986102599680,0
13194944937990,4504484448833312,4539760365784793088,0
3298937552899,2252332420042304,3891233223350419456,0
469770241,9225061367814293376,2161780597695971328,0
8797166829568,309259667008,720593532565323776,0
26391500750872,27447794062991344,9187475181231144960,0
50338817,13842940316810744768,9079520731569586176,0
4398583480324,9007779145847056,7854550429017833472,0
201351171,2252263700565568,3603143591129513984,0
549856501763,2252126288350784,4467834717437165568,0
1099712966657,9226750148948790208,4539760365784793088,0
6597472468998,6756352990388192,4539892307180126208,0
4398851850246,4503908922691008,1657447808174653440,0
8797972267016,9008857149607376,2287894581401878528,0
3298937585670,4504441478191584,9151587121700536320,0
2199291723778,4503874525203904,3963290817388347392,0
2199493046275,9231253817270470592,2233917357644840960,0
8797703864348,27023262166685936,9187615920866983936,0
6598009405446,15763543722303328,4575793560850268160,0
17593796755462,4926662549963968,2233846987826921472,0
8797703700488,6927241640986286400,2738320514836594688,0
67117057,3378215149637216,3530954051401285632,0
549873268739,13842939818553122608,8179091093271347200,0
6597875105796,4504424282064864,612520335647965184,0
13194944954375,8445331699666528,2269880182892396544,0
13194944954374,6755914903195584,4539760365784793088,0
4398314995715,7600777920516032,4467834713142198272,0
1099712983041,2252212184027104,4251670733563887616,0
4398851850246,6755811790423840,2125800179188629504,0
469811206,7319431790727008,4431678376532508672,0
1649502339074,6755811787278272,1945621011332333568,0
100671489,3378146429635712,2738434868340850688,0
144123985779589132,13511653706309424,4575789162803757056,0
8797703831556,6932095950493587520,3963440354190950400,0
2199291723780,4503874525201472,1225023079109885952,0
8797703700484,4503900298675744,684573531639382016,0
8797703733252,14356177354231328,2233846987826921472,0
805339142,4503943252018880,648549133203800064,0
1649468776449,9226750166134427072,8935387951307685888,0
1099645861889,2252177797024832,3675073635376168960,0
2199425925122,6755794644635232,4539751569691770880,0
4398583480324,13511374445218080,2810378108874522624,0
2199425941506,6755674338887200,1765468230144491520,0
2199493066754,8726819554204768,8575117577599057920,0
3298669117443,6755674385550944,4539901103273148416,0
2199157497857,3377905910417024,1297159844427464704,0
2199425957894,6756241312845792,4539760365784793088,0
6597875138572,9008908765236752,4089404801094254592,0
6597875105798,4504553169620528,4143447996622700544,0
6597472468999,6755811790948320,2125764994816540672,0
2199493066758,4504424298318304,2918486506806968320,0
6597875122182,16045164661051184,4575793560850268160,0
26391500423192,20126831156141072,4143447996622700544,0
8797166960664,29134580066160152,4593702406243483648,0
17593259851780,13511400218955744,2161745413323882496,0
3298937585667,6756224140840800,3963299613481369600,0
2199425957895,6756352989335392,4539760369006018560,0
549856489473,9224498142951507136,3603143591129513984,0
4398986084358,7037346922630944,4431678375995637760,0
3299038248963,6755674342035392,1945691379539640320,0
469823491,7248938474938336,9079503145825992704,0
201351169,3377837184649088,2233846988900663296,0
805355522,2252074710467712,1369226229189705728,0
6597875105798,4504475839499104,2233846987826921472,0
134242307,7178707186491104,9151859813469126656,0
2199291740162,6755674376638304,3963299613481369600,0
2199224606723,7881711697266624,1801571794491015168,0
6597875171342,13511619287719024,9187479579277656064,0
1099712970755,2252315238075456,3530954052475027456,0
2199157497857,4222356605109952,3891233223350419456,0
2199526621190,6756327220056032,3675073638597394432,0
1099712978945,3378112062033376,3567127985565728768,0
134242305,2252315235976256,3530954050327543808,0
2199157497857,3377871534950336,1873620590288437248,0
805339142,14356177336405440,4467702771746865152,0
805404684,29134580070751792,9205636922351812608,0
3299004669955,6756249953376736,9151578325607514112,0
8797703700492,6932095980498586720,3675069237329657856,0
4398851866626,6755846150162016,1837534618664828928,0
134234115,3377905910416512,1297159840132497408,0
35186519703576,28008525522016672,3999332808546844672,0
824734396417,9226750148919430592,9151573927561003008,0
8797972185103,15764690466381808,4575793564071493632,0
549990703107,6755811789376960,2233917358718582784,0
4398851915782,13792883849566816,4539751569691770880,0
6597875122182,8445331693375072,4575793560850268160,0
2199291740162,6756249898588640,4539760365784793088,0
8797703700484,4503994794247968,900785896171765760,0
201342978,4503874525201728,1008859095236608000,0
8796898361350,6755708736374720,2161780597695971328,0
2199425957894,13511374482444560,9187615918719500288,0
4398314995718,4504484448832352,4539751569691770880,0
3758112769,7881814770191456,3566987245929889792,0
134242305,3377837188843136,2161850968587632640,0
2199291723778,4503874555611456,1765477024626900992,0
16783361,13838436184557097792,14844409729580531712,0
576495938823192584,10134044120975328,2269827406334263296,0
1649502347267,6756490496712240,9187615918719500288,0
2199425957894,6755674385024608,1765477024626900992,0
1099712970754,4503891743346496,4467834713142198272,0
268496903,4618442483052840544,1837578603156537344,0
3299575169036,27022757623248400,8701233764086317056,0
8797166829572,9007757635095680,1873565614707048448,0
36035394894069766,4504149420412336,2269844998520307712,0
2199425957892,5630581900052512,3566987245393018880,0
6597338234884,13511348740163856,4089404801094254592,0
3299004702723,6896613728718640,4467843510308962304,0
3299004669953,9226750148912615392,4539751569691770880,0
4398851850246,4503874562953056,4539760365784793088,0
6597338251270,13512478323120928,9151587121700536320,0
4161269784,13848569936562095712,1765546298020200448,0
1099712978947,6755914890611808,1225115439160360960,0
13194944937990,15763449157783320,2143781592349278208,0
6597875122183,6755846175854368,2269880182892396544,0
4398314995715,2252057544230464,1873629388528943104,0
3299004702724,9431194211193376,4539901104346890240,0
6597338234886,4785959424494912,2161789393788993536,0
1099712978947,4504475842124640,8863356749843791872,0
805404684,3468828932232188704,5693104089299156992,0
3298937561091,6755674372967904,4575789162803757056,0
3298937569286,13511743824727648,4287563184698556416,0
2199493066755,6755811790424000,2161789394862735360,0
3298937593859,6756249953377264,9187615918719500288,0
13194944872454,7318882000832448,2161850966440148992,0
2199425966087,15764548736524256,9151587124921761792,0
1099746533379,3378163610029920,4539901103273148416,0
26392037359628,13652391122836912,4575934298338623488,0
17593259851780,4503891705595296,2269875784845885440,0
1099981447175,17734014581086256,7170007691220221952,0
13194676502532,4503900295530464,2233846987826921472,0
268451843,2252332415845440,3603002849346191360,0
4398851915782,13933900513157088,9151578325607514112,0
1099746533379,15763423396109360,7044190584780619776,0
3298669158403,7881737455013088,4539901103273148416,0
26389889777676,13511640749706720,2269880182892396544,0
17593259982856,9008900111862320,4143450195645956096,0
201351171,6755914903194816,3675069239477141504,0
3299541630990,34764217164503920,9205634715275493376,0
3299004674051,9231254358522076128,9187615918719500288,0
6597338234886,4504450068122048,4323473234461720576,0
6597875105796,4504544578374704,1405255025134927872,0
4398851850246,13511649323129264,4575929900292112384,0
274911473665,9224498074233080960,2594319684559962112,0
2199425957894,6756284246006256,4575929900292112384,0
4398986092551,9231254367060889536,4539905503467143168,0
805339138,8726265470649920,1801501424673095680,0
50337793,13838999237598649440,14917039078254837760,0
4398314995714,6755674372444128,2233917356571099136,0
550007500801,2252212163055424,3675069239477141504,0
26392037228556,14566944265211168,2269875784845885440,0
100675585,9226750148908942848,2161859766291267584,0
805404687,17734005926923872,4575793560850268160,0
1099645861890,4503926085781824,3026542094895284224,0
13196018679814,15763423349442496,2233851386947174400,0
2199157497859,3378232329506400,2233846987826921472,0
4398851850246,8726231143943616,3891233229792870400,0
2199962836998,13511640753901536,2125764996427153408,0
3298937552898,6755674376638400,4539760365784793088,0
67117057,3377837184648640,2233917360866066432,0
805339142,4503938986673760,2161850969661374464,0
4398851932166,15763474935713760,4575793560850268160,0
2199425957890,2252212154664768,2161850966440148992,0
6597875105798,4504484447784800,4539760365784793088,0
3299004669955,6756361634324448,4575929900292112384,0
4398851915780,4504664845321280,1225045070416183296,0
4398851850246,6755811782035392,2197822588854468608,0
4398986133510,13511881280457824,4575793562997751808,0
201342979,8866882707261536,2522288474506133504,0
8797703733252,4785409669730240,4467693975653842944,0
402702339,6755863364112224,4395645177708937216,0
2199425966082,6755811787278208,720637514104176640,0
1649468792835,6755674385029216,9151587121700536320,0
281446463489,13838999186046459888,9187888599750672384,0
35190814670860,13511756726667032,2287896780425134080,0
2199157489667,2252332440487968,2342008145674502144,0
144123985242685452,9570956722308896,1116892707587883008,0
4398851866630,13511378744381232,4575934298338623488,0
536936452,9993027502742048,6989788938260971520,0
26389353005068,15482214691900464,2269880182892396544,0
4400059883534,13511675113639392,2269950555394670592,0
805404684,27445594868031000,4593671619917905920,0
201351171,2252280882529344,1369226230263447552,0
1649334558721,2252212150472000,4467693975653842944,0
402702339,6755914903195200,1225115439697231872,0
4398986084358,13511743891840560,8322929191532101632,0
6597338218499,2252074715713376,2233846987826921472,0
6597875187718,13511623620435952,4593803561313239040,0
100675587,2252212195559552,2522182924611092480,0
549856489473,9231253765752887744,9151578325607514112,0
1099746533379,6756241320713920,9151578325607514112,0
4398583480332,13511752498809904,4161464594155438080,0
2199157489665,2252005986797248,1873550221544259584,0
1099712978945,9227313219168112160,4143588737869152256,0
2199828627464,9007749076618800,1783493622159638528,0
3299474440198,13794056384290352,4593807959359750144,0
134242305,3378215147013184,1369226229189705728,0
100694017,9226750148917331712,2161859766291267584,0
6598076497926,13511649339903024,4071390403121643520,0
2199962894342,15763681161251888,2143851962704068608,0
3299004694534,13511374515477344,9151578325607514112,0
100678657,9226750217638907008,3602976466435833856,0
6597472468994,6755725916770144,4251529989633081344,0
3299004669955,6756241312845792,4575934298338623488,0
58727424,13838436167369890688,6629826425660637184,0
26391500488716,27445592748464496,4575789162803757056,0
1100518383628,27022714526505440,3999332808546844672,0
402669571,8444790527495232,3675209982334205952,0
8797703700492,15622814753885744,4287563187919781888,0
2199828594692,13511477604129328,4143447996622700544,0
201383939,6756352990649952,3567127989323825152,0
549957148675,6756413119925856,8178814007751213056,0
134234114,2252109073351744,1225058266703200256,0
1099914313732,13511348675152160,2125764995890282496,0
1099712962561,2252212163579456,3675060441236635648,0
549822935041,9226749891218246080,3314913208535351296,0
4398851850246,6755811774694880,1837534619738570752,0
1099746533379,6755846184242208,2414206484716978176,0
6597338251266,6755863330555744,2233846987826921472,0
4398986133516,13793983360141728,4503735968422952960,0
251684866,4618723167739841536,4467650003241795584,0
4398851850246,13511649327325024,9151587121700536320,0
4398314995714,7037278209183456,4539681200947593216,0
4398583447564,13511623569835440,1747464825140674560,0
549957156866,2252212147324352,2233917358718582784,0
13194676502534,7318744562403168,2233846987826921472,0
3298937561091,6755914902145056,4503735966812340224,0
1099712978945,3377837167870720,1008859093089124352,0
8797166829576,9430575730135904,7998656821000667136,0
402702342,6755932043742816,1945686983640612864,0
2199291707394,2251937264173888,1008806316530991104,0
2199493066755,6755811789375360,2161789394862735360,0
8797972316175,13870948309660475128,9205636914298748928,0
2199291740162,6755794644635232,4539751569691770880,0
4398851866630,15763487808294384,9151587128142987264,0
4398583480324,13511348674628960,4575793560850268160,0
100675585,9226750028691278656,8791290359712841728,0
26388816035846,6756284262518176,4575789162803757056,0
3299038298124,9008848630193136,6971851503149514752,0
402702339,7881746057004992,2233917358718582784,0
2199425933315,3378232363061216,9151587123848019968,0
201342977,2251937282000256,1441275028208353280,0
67117057,2251937277805056,1009035014949568512,0
3298937552898,6755700146442176,4539760365784793088,0
52779779555336,27515892774214640,9187615918719500288,0
1099981422598,4503874528348128,1188992086825762816,0
201351171,7600219564280384,7926880714824351744,0
1099712978947,7741657139908192,9151578325607514112,0
2199023255552,2251799822074624,720637513030434816,0
2199291740162,7037209491803712,4539751569691770880,0
72061992889778182,4504450068388320,4539733977505726464,0
6597875171332,13934725147531760,9187615918719500288,0
824734396417,2252074732493792,8863347949455802368,0
1099712978947,2252212154666336,4539892307180126208,0
26392037556240,54185097026604304,2287894582207184896,0
201351169,2251937279903680,2161850970735116288,0
4398986158095,16890594680381424,4593810160262053888,0
2199425957895,15763487862824928,9151578325607514112,0
72070788714430468,13511408884653848,4593737590615572480,0
2199291740166,6755674376638304,4539760365784793088,0
2200030011406,9008865777032160,4575934302096719872,0
4398314962946,6755725882688832,2161850966440148992,0
