12351,16177211388033237376,432363159634968576,0
112,13906977067906891840,72061992889794561,0
32768,9232098740422049920,144123985242685440,0
63,13850679933671571712,288265566966513680,0
4099,13839843714003894528,288265562671546368,0
8255,16209440272867656064,432398344007122944,0
393247,13837169134790508736,432371953580572676,0
4159,13871931328772964480,432363157487419392,0
7,17311696797062660480,864796685866893376,0
65543,16155257164487721344,432398344007122952,0
196639,9223653563373191552,288265562671546368,0
131083,9255743359986696384,144123985779589124,0
134406159,9225060955438711168,2161824579771695104,0
28703,13898952978208395232,864743908234723332,0
491583,9294866801205706944,216185977058672642,0
253983,13835902531754000768,288283154857459720,0
41023,13906974963378684352,1008867892940472324,0
3,17879221139879756160,864796694457876544,0
124,143833738870522048,144123984974184448,0
2147606529,9224498280388363248,990827104541212672,0
137247,16158774785653867392,864796694457090080,0
0,6935404389573066880,144141577428860928,0
393231,13852932558170361080,1117024648983216128,0
15,17365812019193184704,432398347228938240,0
63,16177354290184061888,540445150229348353,0
28687,16168204171602821888,594580716814598176,0
12319,16141323302733873600,432398347228938256,0
65543,16141886347179721600,864743911456112656,0
15,13843783796742160768,288247971559112704,0
49167,13849413330637160832,864743911456505856,0
57351,13843783831107142016,864814280200290304,0
4103,16175523620508926336,288283155931201544,0
2049,16147798043240956160,864796685867155488,0
491543,13835902514578325888,288283155931267072,0
8223,13903456577708360064,288283155931267072,0
65551,9241105561686114432,432363159634968576,0
31,13975162237825319008,216181579280744456,0
132127,17329711753917890944,432398347228938256,0
507935,9224216513327661440,432363159634968584,0
57359,13851244816460421344,216185977864028160,0
12303,16141182573838598400,864726319269937168,0
61455,16172850149392908480,144132783483256832,0
31,16212817946816282816,432371955728056328,0
61471,16141323328503677312,288283159152689152,0
4103,16158634314452435328,864743911456112656,0
536993793,9223935089893704576,864726317122191360,0
49159,16156524901492070592,432371954117443588,0
31,13849413313456243072,288283155931267080,0
61455,16141112200801027008,4323948283614461952,0
24591,17328586438126600576,432398344007319568,0
516159,13857294818975155072,1008867892940472320,0
286783,13870805428871364992,432371956264927236,0
12295,16158634039571382656,432398347228545040,0
4103,16176085488130588928,288283155931201536,0
63,13869257282135523520,432363159635034116,0
57375,13835621039601615104,288283154857459720,0
127,9225060921077923904,72064191510355968,0
134242311,9240261291386340320,432371954117279744,0
2,3467631817436168576,864726319270461440,0
31,13835480284928147584,288283154857590800,0
4111,16157087576567583104,432398344007385096,0
309279,17307544499990299072,1008929474718728224,0
245823,9261371210253467840,432371955728252928,0
211999,17311766659004891520,2161991718961676288,0
260111,17303251998005526912,864796694457876544,0
4110,13870806528377749888,288283154857459720,0
30723,13835902514578326272,576566309714919424,0
15,13903034287928639680,144132783483256832,0
6159,17307474122655138176,864796685866893344,0
28672,4612530494903419648,1729593380323721216,0
63,9359326675600932896,108092988932063236,0
63,13870805428867170688,432363159635034120,0
32783,17311133331716309760,576531133934075904,0
65551,9237164912012165248,144123985779589120,0
229407,13870947205741806016,1008867897235406848,0
6159,16176793273203429568,504429550302855168,0
114703,13870805978627178880,432407140637016068,0
524351,16158774742699999616,864743907161145352,0
131087,16158845145807061248,864743911456112640,0
57351,13852791013176770944,288283154857721856,0
49165,9232942220428968192,288283154857459712,0
786495,13836043234883666112,216185976790286336,0
4111,13866864779196367232,864743911456112656,0
127,16195158677778864224,72070790056607744,0
49159,9237446386988875904,144123984705781760,0
122911,13853494717798416768,864726319270068232,0
1027,17888228373414544256,2017858953735045184,0
491551,17294244798814225376,864796685866893344,0
57359,17325841472988119424,864796694457090080,0
426015,9224216478967922816,432371954117443584,0
268558345,1125968630514656,864726316048580608,0
63,16160322855070859392,288283154857459724,0
4103,13840406389083603200,576495940970741760,0
8197,9230690695505772672,432363157487419392,0
253967,13835902497395310784,432407140100079616,0
245775,9226750827563845120,1729487816469118976,0
63,13870946123404280000,432398344007122952,0
458767,17294033701108187520,864796694456827904,0
33671183,9241105492979221376,2161991720034631680,0
3087,17328938247687504064,144132783483256840,0
1073987585,9223935021200445312,432363157487353856,0
31,13853916930263482496,432363159634968592,0
15391,17357295227896857472,2017718201210896384,0
49155,17299312207328183040,1729593376028229632,0
536895488,4611967510586064896,1153132628019249152,0
16,17732953662554368,288247970485370880,0
127,8725784423826368,432371954117345280,0
28678,6926958456542855552,864796694457876480,0
2055,17311697106332811648,288283154857721864,0
524384,8142369330125869024,2594126165144895488,0
491551,13835339581800579456,432363157487419396,0
253953,13835902531758195584,864796694457090048,0
262175,22378373112664160,72070788714364928,0
28679,13905711624514175360,432371953580572672,0
15,16211553534215192960,432363159635066884,0
6159,17295933682973934336,1729452638540922944,0
262175,16141745523792019840,288283155931267080,0
6175,16176789175573414784,864796694458138656,0
48,71988320513556864,1008859096310480896,0
31,16176789553526342016,432398342933577752,0
15,9241667927523983488,144132781335707652,0
61440,13835902514578326272,576531133933027328,0
6151,16158212651738988928,864726319270461440,0
122943,13835339581801627840,432371954117345284,0
254015,13906835269626890224,540462743489134592,0
32775,8444558541062528,288247969411694592,0
49159,17307756181747401088,864796688014114816,0
3,17302548327744668416,1729452634245955584,0
57375,13898952926541382016,432371955728056324,0
63,16212677235099828352,432363159635034120,0
63,16212888315562557824,432398342933315592,0
126991,13837028483332317168,1729452638540922880,0
4127,16176791314467128256,2161991716814192672,0
49167,9250958285431898496,432371954117279745,0
454687,16158634039600746464,2233811805065543680,0
57359,13844909782552543616,864743908234690560,0
63495,16141182573838598400,576531133934075904,0
516120,13835902600477672320,864814281273769984,0
131102,3490220450771370080,72066391204888576,0
127,13979033390636597440,216203569244717057,0
1026,8079317569610195328,864796694456303616,0
7,16143082547111266048,3459186777831505920,0
8223,13835902514578325760,288247970485370880,0
49167,13835902531758195072,864743911456112640,0
983071,9242230868885897280,216199173614272512,0
2079,16212817972588183936,864814280200683552,0
4103,16156946839045669248,432363159634968584,0
0,143842500603805792,72061992889745408,0
57356,13835621039601615104,864726314974969856,0
64515,17294104078472191872,1153062259276120064,0
258063,13835902531758195456,864726319270068240,0
258063,16141886278461293440,2017876530885820416,0
15,13870805428867170432,144141577965633540,0
4126,13870807078133563776,432363160171905024,0
63,13889523489046528064,72070788714364934,0
2064447,9227594290362319328,540462743489134592,0
31,9295148173099008128,432371953580441604,0
53255,13848850930438504832,288283154857721872,0
63,562967134339136,144123985242685448,0
63,13906974929012654272,216181579817517060,0
131087,13849131838479532416,432363159635034120,0
253967,13835339581800579456,864743911455981584,0
3,13851102695892451456,288247970485370888,0
131087,13848850638380728704,432363157487419396,0
147487,13870805497589793152,432371954117476356,0
129055,16141745540972937600,864743912529854464,0
6147,13843784638559945472,864796688014114816,0
491527,9224216513327661248,432371955727990784,0
8255,13906834225889280384,432407140637048832,0
63495,17298748398378156416,864796694457876544,0
15,13835902531754000768,288247970485436424,0
245769,1126106098303232,288247969411563520,0
12319,16158774777059737984,432398344007385096,0
24607,13835902514578325888,864743907161145344,0
24639,13853916930264531072,432371953580441604,0
12295,13849413313460437248,288283154857459720,0
98319,16158775575957209280,432398348302286864,0
1,16149206517637185920,288283154857459712,0
122895,16149767586394931584,1008911882533732416,0
507919,13835480319289983360,1008929468276146176,0
31,13870805428867170432,432363157487419396,0
23,13866864779192172928,288247971559112712,0
61471,16155256391420348352,864743911456112656,0
131103,9227312720890560896,432363159634968576,0
32783,13870807078134612416,432407140100407304,0
131103,16176789184163348864,1008929476866474000,0
61471,16195157573871599808,144141579576541200,0
97,16284875532264276160,144141577428860928,0
49183,13870807421736190400,504429548423708672,0
1,16212817946818379904,144141577428860928,0
31,17361587695518744960,864796694456827968,0
32771,17301001022925177216,864726319270461440,0
131087,16158775404158517440,432371955727990792,0
35,16284946459356299456,432398348302286848,0
15,9250958268235251840,144123984974200832,0
28735,13906834294609805696,432407140100407304,0
20483,13838154726721454336,288265562671677440,0
31,9259963818220195584,288247969411497984,0
32775,16154693905293508736,432363158561488912,0
63,9294866784025315296,1585284662094266368,0
14343,17307474131246121344,864796694457876480,0
24607,13835902514574131584,432363157487550464,0
61446,17325771679772705536,1729487825059708928,0
253955,9224498005513603008,576495943118356480,0
122895,9237445888775815424,864743907160883208,0
49159,16155256322674131200,864726319270461440,0
516110,13835902583324018560,864743908234559488,0
229383,9224216496148841216,864743907160883200,0
129039,17328940721590763712,432407140637278216,0
133144,6935262466576220544,432371955727925248,0
0,15762682513719552,576460752303423488,0
491583,9225342413234503872,432407144395046912,0
61443,13838154383109391104,576531133933125632,0
31,13849413313456243072,288283154857721856,0
49156,9225060989798449408,288283155931136000,0
65551,16158774742698950784,288265564819292160,0
114703,9237728136860270720,432371953580441600,0
163855,14637523425820864,72070788982816768,0
12319,16208878431015797120,432398344007319560,0
122895,13849413588338344320,432363157487452160,0
11,16284883237436129472,504433948349399040,0
196638,3530684797757161664,432398344543993856,0
28687,16154834093025001856,864726317122715712,0
12295,16176650138899448704,1008859096310546432,0
49167,9228720112953983360,432363157487419392,0
196615,1688901403017344,432398344007319552,0
122943,13962003321321423296,432371954117296128,0
7,16284875540856307840,432371955728056320,0
135183,16141745592517788416,1738495571923566624,0
6,6935403255601037696,288283154857721872,0
245761,1126106079953648,1729487816468987904,0
98319,9233224537264359488,72070788982816768,0
6442967043,16141323337093611904,2017858957491306496,0
63,9224216513327661248,144141577965633538,0
229407,9224216513327661440,288283154857721856,0
1,13851102713072320896,288247970485370880,0
268558350,9224216513331857344,4323508422055034880,0
245760,13835480284930244992,864796694457352192,0
6151,16157085927198425344,576566318305116160,0
196639,844450701508672,144141579576279040,0
983071,9225342413234503872,432371954117312512,0
131087,9237727861965586560,144141577428729860,0
114703,9237727569906761856,144141577965633536,0
16386,8725775819735424,288283154857721856,0
28679,16157510063843443072,432363159635034112,0
253967,16149767552035193280,1008929476866474016,0
63,16212817938228445376,432398344007057416,0
1032223,9224216513327661440,432371955728056320,0
32775,16155397627095024000,288283154857721872,0
63,13971010520576164032,144123984705781766,0
63491,16141182591018468096,576531133934075904,0
61447,16157649152033948032,864814280200683520,0
15,13842657931199250816,288247971559178240,0
31,13852791013176770688,432363157487419396,0
4096,13906554383000142208,288247969411596288,0
253983,13852791030361883072,432407140637016064,0
63,13906974924718211264,432398353671127040,0
12319,13870805428871364992,1008859100605775880,0
122888,13835621039601616768,864726314975100928,0
28,143834804022411360,72070788714430468,0
61443,16142871492418339584,1729593393209147392,0
237583,13835902514578325888,432363159635034112,0
7,16158776391966392704,288283154857590800,0
12295,13843783813926224640,864796685867155456,0
0,16176648420902044416,576566311862272000,0
24578,13840124914106892544,288265566966513664,0
516127,13835902531754000768,288247971559178240,0
98319,16155398726605603200,864743911456505856,0
122943,13904582426072449216,144141577965633536,0
98311,13840547659178311872,144141577428795392,0
24582,9237445888775815424,288247969411563520,0
57351,4625478859223990656,864726319270068224,0
1,16176797396537704512,216185977058639872,0
3,16147797493485142400,288265564819292192,0
12295,16157579040987808000,864797787593375744,0
32775,13851665680209805696,432398342933577744,0
258063,16145826936720982912,2017858953732947968,0
2051,16147938815126799104,576566318305116192,0
4111,13852228080403218816,288283159152558080,0
32775,13849414138123518400,432371953580441604,0
245791,13843924542822023616,2161991718961676288,0
14399,17363839495332430208,864796694458138656,0
516159,13835902531755049344,432371955728056328,0
131103,9227312789614231936,432371954117345280,0
15,9240824069528486016,432371953043537922,0
7,17311768274042617984,432398347228151808,0
131087,13839280197113741504,144132783483256832,0
499727,9225060989800546688,2233811805065510912,0
1073987591,9225060989826762720,1080987063387553792,0
63,13906834200114757824,216185977863995396,0
114688,9223935021170033024,288283154857590784,0
28703,13840406131385565568,864726319269937152,0
7,16155397867713862016,432363159634968600,0
253983,13835902531754002368,432371954117345280,0
8223,9250956618938450304,288247969411563524,0
57347,13836747008225837824,576566318305116160,0
61444,16172709437706865600,432363157487419392,0
4295458831,1688901403017408,504464734138007552,0
1028,8088326280861200768,432398342933577744,0
7171,2306124518554337280,1153062259277168640,0
24607,13835902514578325888,288283155931267072,0
4127,13870805428870316416,432398344007122952,0
24,70302769394229472,216199172003659776,0
122880,13835902514578325760,864796685866893312,0
393279,16212888349926491008,1008929476866473984,0
16387,16146390393479496064,288265566966513664,0
3,9258839022094516480,288265562671284224,0
3,16176793410406973568,288265564819292224,0
49167,9231816389241602432,432371955727990784,0
974911,13835902531755049152,432371955728056328,0
6159,17329712295314984928,432398342933577744,0
7,16158775326815551872,288283159152689168,0
12,4629419611977154688,432363157487419392,0
13,9241105948332265664,216185976790286340,0
24583,13849413313456242944,288265562671546368,0
63,16212817946818379968,432371954117476358,0
491535,9223935038349901952,432398342933315584,0
7,13870949439320359008,72070788714397704,0
258063,16141323328506823040,864796694456827904,0
61447,13848851205351014784,432398347228545024,0
8255,16141323337093611904,864814280200814608,0
16447,9293740815395324096,216185977058672641,0
16399,9237446369807958144,144123984705847296,0
258063,16155399001589416384,432407144395374592,0
516159,13854057641983082688,432407144395309056,0
114703,9241107039270734048,216185978132463616,0
929855,16141323302733873344,432371955728252952,0
61446,4625478343827915136,288265566966513664,0
262175,16141745540971889024,864743907160883200,0
122895,13867007415057645760,504429550302724096,0
524351,13870946140585722048,504429550302855168,0
524351,13843924534231564672,432398342933577728,0
290847,13835902531758195072,288283160226430992,0
491551,13862924679275086016,1080932080692518912,0
6151,16158776675535945920,432398347228545024,0
385055,9223935021174227328,432371953580441604,0
245761,9223935021200967552,864796685866893312,0
6151,16157509789031596416,432398344007319552,0
98311,13843783831101899136,288247971559112704,0
253983,13835902531754000768,432363159635034120,0
15,9255742810230882432,432371953580441604,0
28675,13852792954708566400,432407140100145152,0
245775,9232942770180587904,288247969411563520,0
196639,9240824018053761008,2161859770049495040,0
61455,16176789149797318848,432398347228545040,0
196639,9225342413234503808,432398342933577728,0
1040440,13835902531759244256,4467597220241276928,0
15,16158776435017781696,504429548155273216,0
126983,13835902583295707008,4467676389910642688,0
98335,9260245310346625216,144141579576541184,0
63,13906975169545504752,2269866992510959616,0
126979,16141745592520935360,1729487822912225280,0
258063,16141182573838598400,864726314975100928,0
7,9231817162381852800,144123984705781762,0
119,13979032557411369344,288283155931267072,0
536901632,3458975645826024192,1729874898249056256,0
516127,13835902583297802496,432371954117296129,0
63,9258837935463071936,72061992352890881,8
268492804,9237445888775815552,2233803008435552256,0
0,571737458082176,864726312827224064,0
4097,13851102163316507520,2161763005510189056,0
63,13943425947086618816,144141577428860936,0
4127,13870805480409923968,1008867892940308480,0
57350,13835902583297803008,576566309715443712,0
258063,13835902531767635840,2017718199063937024,0
100367,16156383064428118400,864743912529854464,0
249887,16173412300536938944,504429548423667715,0
61471,13840406131386614144,1008859100605710336,0
243,13906974937603113056,216185977058672640,0
122887,16141886330006143744,1729487816469184520,0
127007,13853916930269251520,4467597219704537088,0
20511,13867427729146642816,432371955728056328,0
15,16145545418792501376,288265564819292224,0
6151,16158211827106316672,864796694457090080,0
8223,13906836356194107840,504464734674976772,0
3,16147938797909180672,576495940971003904,0
122895,13849414155304435840,432363157487419396,0
4,6935403564938297728,864726319269937168,0
3,16148079552610959616,864726319269937168,0
31,9225342378874765440,432363159634968584,0
130063,17302689091005973376,2017858953732947968,0
135183,13852791013180965120,864743907161145344,0
2051,16149768402475418368,576566318306164768,0
131087,16141745523787825408,864726319270068240,0
14339,16172641225203540160,9439571210468982784,0
520255,16141745609717583840,864814281810706432,0
31,17365813428009042304,432407140100341776,0
2063,16158776426430988672,864743911456112656,0
8207,13835902514574131456,288265562671546384,0
32775,16154834677140554112,864743911456112656,0
28703,16154834093026050432,864796688014639104,0
12351,13853916930267677056,432398344007122952,0
49167,9250676776046166208,216181579817517056,0
12295,13852791562936779648,864796688014114816,0
63,16212890480230269376,432407140637016068,0
98310,13842658395072496000,288247969411563520,0
2147975175,9224216513327661440,864743912529592320,0
126991,16148641746620777344,2017858936552292352,0
31,13870808727603384512,216185977058672640,0
126983,17294033705403679616,2018105240044175360,0
32,6937515829819871424,216181578743709698,0
8223,13842657931195056512,432398344007319568,0
114696,9223935021174228864,432363157487550464,0
63495,13840406114205696256,864743912530378752,0
122903,13835902531759243648,864743912529592320,0
49159,16154834917693325696,288283154857721856,0
7,17329785283825107392,1009070212206559232,0
104463,13849413880493638592,4467588423611383808,0
15,13852792679692239040,216181578743709698,0
31,17329781048923390848,2017718216244592640,0
6147,16158775567333720448,288283159152689168,0
268558343,9225060989826762624,864743908234625024,0
258063,16143012178368135552,864814288790618112,0
24591,13849132182081110400,288283155931463680,0
208927,13870805841184031104,432398347228545040,0
204815,9223935021233997568,576495938823127040,0
63,13869257282135523456,432363159634968588,0
4099,16156804417861976320,576566318305116160,0
4103,16284877765653561728,432407144395374600,0
196639,16172285575941849472,432407140100145152,0
122895,9224216496150937984,288283155931267080,0
36871,13835902531754000768,288265566966513664,0
67235854,9225060989798450144,4323490829868990464,0
4103,13840124639228985600,864726319270068224,0
1073971201,1688952945770880,864743907160883200,0
516103,9223935021170036728,2738214962794135552,0
3,16149768127593316736,288265564819554336,0
260111,17870494487775544192,4323948283615510528,0
12,35889287959412800,144123985242685440,0
49159,17307546149324849280,432398347228938240,0
270393,9258838399383244768,432371954385715200,0
28703,16150189790273208576,864726319270461440,0
0,71708009605627968,216181579280547840,0
0,143978840045650016,72070788982816770,0
159775,16176227874883240320,432398344007155716,0
2147680287,9225342481957127136,504416353210335232,0
2055,16148079518252271744,432363159635034120,0
3,13979032531640516800,144141577965568000,0
2051,16148501765046665472,576495943118225408,0
319519,9225060989800546688,288283156468137984,0
57407,13889523480458690752,216185976790286338,0
15,13852931742074142848,288283154857590800,0
31,13889525671293092320,72061992352874496,0
24579,13842235959248159104,864726319269937152,0
229407,13870805428867170752,504433946201784324,0
56,17365809820169404800,432398344007057408,0
24583,13835621039599517952,576495943118749696,0
36871,16154693355537694848,288283159152558080,0
57375,16204373697517060288,432398344007319552,0
6151,17329785318189564352,504464734675206152,0
516127,9225060989827286976,432371954117345280,0
131103,9240823588496343424,288247971559178240,0
7,16158775670416081664,864743908234690572,0
14351,16141323328502628608,864796694456827904,0
264216,6951167469204537536,144141577965633536,0
12303,16176226199845994944,1008929476866473984,0
458767,9224216496146743680,288283155931201536,0
917567,9259119629483901168,540568311369695232,0
8199,9241104994749382784,288247970485633024,0
55,13977062206804066368,216181579817517068,0
8193,13842658755862337920,288247970485370880,0
63,13906834225886134464,216185977058672641,0
3,33214120274173696,576495936675512320,0
507919,9234069769700769984,1116925693339381760,0
8207,9232942220428968192,288247970485370888,0
8195,9228438689518977280,576495943118225408,0
15,13870946441233432704,432363159635230736,0
98319,9224216513327661184,432398342933446672,0
4099,16175100291349217408,288283159152689152,0
122880,9223935089893703936,864743908234690560,0
24591,16172849599637094848,1008911876090626064,0
4099,16143434631362904320,288265564819030048,0
127,16212817946818380224,1008859099531968536,0
2063,17365742784319848832,864743912529723392,0
31,16158774751289934016,432371955728056344,0
114751,16148149105278845312,1008859100605710352,0
126983,16141182591018467712,864796688014639104,0
126,8725741458948224,144123985242685444,0
114703,13844909731009790336,432363159634968576,0
15,16176648420904141184,288247971559178244,0
393279,4683465487765475312,4575670416353280000,0
131103,13870807078134612160,216199172003561474,0
2111,17363839495332429952,288335942154452992,0
524415,16149767552033095872,216185977058656256,0
2055,17310642648978559168,432398344007319552,0
130072,2324282935973249152,4593944299875401728,0
69647,16158634314452435200,864796688014639104,0
32,35747339225268416,144141577428860928,0
24583,13852933906844615040,1008859100605775872,0
98319,13862924129518223744,432371955728056320,0
31807,17301070575525953920,1008929469350412304,0
16387,14636767512625536,1008815112892465152,0
63,13906974937603113024,216199171467051032,0
145439,16176792482761146816,1008859100606234640,0
245777,9225060955467550464,288247971559178240,0
126988,13835621108318996416,576495938823389184,0
516159,13889945727283495296,432407140637048832,0
131078,8867337942860160,288283159152689152,0
134242319,9225060989800548288,432354360857493504,0
7,16176792998088016064,216181579817517062,0
2055,16158776426327179648,288283159153082384,0
262175,16149767543445258368,432398342933577728,0
12303,16158774742729361376,432398344007319568,0
8255,13852791081925611504,4593706806437609480,0
2055,17301000232554726144,1729593380325818368,0
24579,13842658206077157760,864796685867155456,0
31,13870946140585721984,288283154857721864,0
126991,13842798668688654720,1008929476865949696,0
126,35465975916134496,252214774077685760,0
16391,8088396632255627392,432398347228938272,0
31,16176867215257632960,216199172003659776,0
15,9237727861965586560,144141577965600772,0
15,16176226199843897536,144141579576279064,0
12303,16158211801336512896,864726317124026432,0
131103,16158774777063932288,864743911456636944,0
24583,13870807353012519296,432371954117345282,0
63,13844346746695583728,288247970485633040,0
4127,16176790824874410432,432371954117345286,0
245791,9242231976986935360,216185976790286338,0
24591,13849414138123518080,144123984705781760,0
253967,13835902531755049344,432398344007319552,0
13,16176860068304126336,864796685867155488,0
24591,9240260741628430208,1008832706420736000,0
122880,9223935021174227200,576495940971266048,0
24583,13862362828933955776,216181578743726082,0
258063,13835902531758195072,1008859096310546432,0
122943,13871931311597289728,864743908234559490,0
24639,13870946166355525824,504429548155273220,0
16386,9232098190649458816,288283154857459712,0
258079,16176789184159154624,1008859100606234624,0
73743,13844347330812182912,288283154857721872,0
6159,16175101425220583808,1008859096310743048,0
0,1186632522626240704,144141579576279040,0
122911,13852791030361883072,1008859100605710336,0
31,13870805394571134960,864726319269937152,0
18435,16146249965228785920,864814280200159232,0
31,9255460313064540032,432363157487550464,0
122887,13835903012820747008,1729487816469774336,0
2063,16150332142766796928,432363159635230736,0
6207,16284884062071947456,504429548155273218,0
98319,9239979386901364928,432371953580572672,0
4097,13839280626628296960,288265562671677440,0
57359,10968657655722148224,864796696605360128,0
516111,13835621039601615104,288247971559178240,0
126976,4612530477721453312,576531133932765184,0
65551,13862503566556528832,216185977058672640,0
24639,13906974963374490048,1008859100605710352,0
28687,13852509606921635824,4575921105809801216,0
134467584,4612249002744750048,576531125342568448,0
65551,13844909713833066880,288283154857459720,0
15,13870805428867170432,144141577965600772,0
4111,13852509606984025856,576495943118356480,0
49215,9259963818190046176,2269823008824655872,0
58375,17311767449274679680,864937449126100992,0
8195,13843784638610276736,432363157487419396,0
196623,16149767577809191296,864814280200290304,0
126983,13835902583297804160,2017718192621092864,0
32775,16154834127384740224,864726317122977824,0
57359,9225060989798449408,288283155931201536,0
127,13869116544645071040,216181579817517060,0
268496896,4611967544949997824,576531129638060032,0
32,71916865141080256,432398344006926336,0
260111,16141886347188111104,2017858938699776000,0
385087,13835480319289983360,432398344007319552,0
7,16172707788405866624,288247971559112712,0
122882,13836747008225837824,576566318305378304,0
130063,17299311451413938944,1729628577581236224,0
4111,17329781607270187904,2017858953733210144,0
127,13979032531641041120,216185977058672641,0
61447,13851665113274122496,864726319270068240,0
16415,9255460235741495424,144123985779548160,0
16391,17298748948234637696,864743911456112656,0
258111,13835902531759243648,432407140100145160,0
6,17329711753917890944,432398347228938272,0
1966143,9227594187276812384,216185977058672640,0
12319,16176789175573414272,1008929468276146192,0
939601920,9225060989806838528,864814281273769984,0
778367,13853494692029661568,432407140100145160,0
28687,13852791030356640128,432363159635034120,0
28679,13849413313456242944,288283154857721856,0
31,13870807078134612160,144141577965731852,0
130051,17294244833113673600,18302734451635650560,0
57375,16141323328502628608,864796685867155488,0
61471,16176790214951829952,432407144395309064,0
114719,13871509090537570496,432371955728252944,0
917535,9223935021170034560,432363157487419392,0
61447,13835902514578325760,864796688014639104,0
114689,9225060955438711040,864726314974838784,0
28703,16150330501988614528,864743911456505888,0
98335,14636801874460800,144123984974233600,0
245791,13835902531755049344,432398344007122952,0
114719,9242230911837143232,216181578743775234,0
131084,2323717237173649536,144132781335838728,0
4103,16157085927198425472,864726319269937184,0
4026789888,16141745540971889536,864814281274032128,0
16395,16154694180171415680,432363157487550464,0
28703,16195091603173408960,144132783483322372,0
48,6989448040265285824,144123985779589120,0
122895,13840406131385565568,864814280200683520,0
114695,9228720095778308480,288283159152558080,0
201453568,13835621039601615104,288503071678398464,0
114751,13904726436525643872,252216973100957699,0
126,71776144832069696,216181579817484292,0
516159,16195366524032123072,432371955728056334,0
31,16176859522838561664,1729628556104826880,0
24607,16176648438084010368,864743911456112656,0
4103,13836747145675276544,864743907160883200,0
12295,13852792954570145920,432371953580572676,0
48,35888076713623680,432363158561226768,0
1610858497,9225060989860323296,432371954117246976,0
135183,13843783831101899136,288265566967037952,0
253983,13835902531755049344,432398344007385088,0
8199,13840124707946365696,576495943118356480,0
1038,3492404639010128256,432398347228545024,0
32770,13843924955153042496,144141577428795392,0
30727,16154834651371798912,864796694456827936,0
253967,13835339581800579456,864796694456827904,0
198671,16158776426528506304,432398348302090240,0
537378841,9225060989802123232,3314702105524043776,0
122887,13851806692623253952,432398348302286848,0
6159,16208877322917380480,864796694457090048,0
61471,16157508139668734848,864814288791666688,0
260111,13837591381620035552,9079283238131924992,0
6147,16147938815093244160,864726319270461440,0
258055,16141886278461292928,2017858936553078784,0
12319,13835339581801628032,432398344007319552,0
28687,16141182591014273280,288283154857721872,0
63495,3472488076995473472,216199173614469120,0
57375,16204162578398052800,1008929476866474016,0
61447,13842095238943867136,576566309715050496,0
393246,3940701216702656,144141577965600768,0
983103,13906974937603113184,216203572197654532,0
49159,17307755606223356352,864796711637745664,0
65567,17329784347656454528,432407140100145156,0
7,13843784621410490560,144141577965600768,0
507953,9223935021170034656,2161745416545239040,0
112649,6926817736238563584,864726319270461440,0
258079,13835902531758195072,288283155931529224,0
258055,13837028483204645248,864743912529657856,0
28679,16172708887918543232,432398347228545024,0
127,13906834191524298944,216185977058656262,0
393279,13870946140598831088,144141577965731840,0
24583,9257993493356216704,288283154857459720,0
61455,16158774742699999424,432398347229069328,0
127007,13870806528378798528,432407140100407304,0
258079,13837028500384514944,864814280200290304,0
62,9295149281198997568,72070788982816770,0
63,9259119410439782592,144123984705781762,0
32,16284954637106675808,216185977058672640,0
32775,13840406938835222912,432363157487419396,0
229379,9223935021234520320,288247969411563520,0
24607,13870805428866122112,432371953580572676,0
253967,13862361694959829440,4575877124270882816,0
63,13835339547441889408,432371953580572680,0
49164,9232519999370822016,864796685866893312,0
805564416,13835902540408425728,864743911455719424,0
98311,9237165161219365184,504411955969196032,0
8319,13962003304140505472,432371954117345280,0
31,17365811950473707968,1008938265442516992,0
65551,13850539213363085696,432371954117312516,0
32775,27586248592851008,72061992889778178,0
262207,9259119410439782848,504429548155404292,0
393240,35889425331257408,72061992889778176,0
15,16168348225004109952,432371954117345282,0
1027,17311697080530502016,864796694457090080,0
122895,17321091569938858432,1008929491899645952,0
4099,16147938265366790400,864726319269937184,0
516103,13835621108321092352,864726315511775232,0
507935,9243075388310028672,432371954117279746,0
31,17361587695518744960,288283159152558080,0
28679,13836747008227934976,864796688014245888,0
98367,13906834225886134464,432371954117361666,0
61447,16157086726096945536,864814288790618144,0
805384196,4625478893650837888,9187800640967933952,0
835647,9255460235742544064,216185977058672640,0
61455,13836747008253100800,864743908234690560,0
31,13862361179564802176,432363157487419396,0
8193,13837591759571386752,288265566966513664,0
28675,17296004120445978368,3459186777828360192,0
49,16212818771452100800,432371954117345286,0
131103,13870806459659321792,432398347228545024,0
38919,16145687015308919168,432398342933577728,0
31,9259119393258865024,432371954117345286,0
258079,16212820111486616000,504469132721487872,0
1,16176087137393836416,288283154857590800,0
4111,16154694180171415680,432371953580572680,0
507935,9225060989800550272,432371954117345280,0
63,13906836424909390016,144141577965600772,0
127,16149767543445258624,864726319269937168,0
4111,16176227849113436352,432398347228938256,0
15,17329710680176066944,288283159152689176,0
516112,13835902514578327424,4323490828795379712,0
63,13889524580035330112,216185977058672640,0
0,15763904382371328,576495936675512320,0
524316,35960137674916224,432371954117345282,0
31,37154769956507392,576495939896934400,0
63519,16168204188909570032,864743920045916160,0
16447,13905708325979291840,432371954117361666,0
98335,9241670126545141824,144123985779687424,0
15,13835339547440840832,288247970485370888,0
134344707,16141886278461293440,2017858949437456384,0
7,16158634864241803648,864743905013268512,0
63,71495657699934400,72064191510372352,8
24639,13871931328774013120,216185977058672640,0
4159,16280934891180785856,216199172003659776,0
65551,13852791837865017728,288283155931201544,0
122887,13835902583297803008,864796688014639104,0
253967,16141041827755065472,432398347228676128,0
253959,13837028483213034368,2017735785880879104,0
28,16212822035694354624,216199172003561478,0
520255,16141745609692414336,1008867892940439552,0
122895,13867569024981270720,432407140100145152,0
15,16158774751289934208,288283159153082400,0
31,13837732084741832832,288247970485501968,0
28686,13844628788641530112,4575921105272897536,0
7,13843784655785951360,144123984705781760,0
57471,13835480293518606400,216185976790286340,0
2147729415,9224216513327661504,432398348302024704,0
114703,16141182591014273408,288283154857721872,0
28687,16141182591014273408,288283154857721856,0
98319,16156522977249198464,864796696604573696,0
2079,17365741616118894576,4323578795094573056,0
57351,13840406956065425792,432363157487419396,0
8207,13870805978622984320,432371955728318472,0
30726,2306124518554337792,1153062259277168640,0
129024,2306265238860726528,576531129638584320,0
49183,9250956636145061760,288247971559112704,0
7,13902684621889339424,72066391204691968,0
31,13861798298336100800,432371954117345280,0
253983,13852931767849189760,864814280200683520,0
3,17301563972811489664,288265562671677456,0
1027,17301000473102256384,864726317122715648,0
61454,16168767138736112000,864726319270068224,0
63,13906975521720238272,504429550302855180,0
2111,17365739477199225216,1008867892940701720,0
196615,563001496174720,432371953580376064,0
3221274625,1688952945770944,2233873377179729920,0
491551,9240823588496351216,9205375231605080064,0
196620,17733765397741760,216181578743742464,0
253959,13835903562577085408,1729452638540922880,0
196623,13835902514578325760,864743907160948744,0
15,16176790137646088576,864726319269937200,0
917567,17451500098814144,216181578743775232,0
24583,13849413863212056960,288283154857721856,0
1015871,16176789154094907616,1080995859480838144,0
49159,9228439033114263936,288247970485239824,0
65548,16158776812972802240,432371955727990784,0
114719,9256867679349768576,432407140636884992,0
31,13906834225886134400,432371954117345284,0
4103,16172707788405866880,288283154857721856,0
24591,13835902514574131584,288283154857590800,0
24607,13842657931195056512,432363159635034120,0
30723,16147938815143577856,864726319269937152,0
14367,16175100325713150336,1008859100605775872,0
98367,16159337727013159040,432398344007319560,0
49159,16157650801335993216,864814288790749232,0
245791,13835902531755049088,432371953580572672,0
32,13906834225885085824,144123985779589120,0
4159,13870805428866122112,432398344007122944,0
4103,13843784088804131072,864726319269937152,0
0,143978840047747264,504464731990392832,0
14343,16176085488130588928,576566309715181600,0
7,16158845120034111872,864796694456827936,0
393276,4647575856078127296,504433946201784322,0
30723,13842658188897288448,864726319270461440,0
63,9224216496146743680,288247969411563524,0
57348,13844347330811134848,288283154857459712,0
127006,9223935021172130048,576495938823454720,0
548927,13884879177702703552,432398344007057416,0
49167,9258838536761639296,504416353210384384,0
63,16212817972588184000,432371955728056332,0
12291,16145123240688222464,864796694457876480,0
6151,16149767646553834368,864796688014245888,0
229400,13853353980310061184,2233803008435748864,0
393247,13835902531755049088,432371954117312516,0
225295,16145826902361244032,864796696604573696,0
6207,17321266439464681856,1008929468276670480,0
114696,13835621039628354304,288283154857459712,0
245791,13835902531754000768,288265562671546384,0
536993799,13843924645904909248,2161850973956472832,0
0,143974459178483776,144123985779556352,0
520206,4612530477723549952,864796688014639104,0
63503,13844346763875451264,288283159152689152,0
32775,16148079552577405184,288265566966513664,0
3,9255749407300649152,216185977058672642,0
23559,17310009081076908928,864814288790618112,0
57347,13835902514578326272,1729452638539874304,0
63,9295148181687369824,108092988932014083,0
258063,13835902531759243648,432398348302286848,0
32775,16156524592220864928,900757315312680960,0
122887,9223935021174227200,288283155931201544,0
17,13870805428867170496,144141577965633540,0
393231,13835480319293128960,864726319270068240,0
253967,9225060989800546560,288247969948467200,0
262175,13852791030361883008,1008867892403830792,0
4127,16212678197176697216,432371954117345284,0
131135,21955082546315456,216185976790220800,0
49215,9223935021170032768,144123984705798146,0
1073856515,1125968630513920,864743908234493952,0
126983,16146389878087614848,864796694456827904,0
258063,13837028483231649664,1729487816469250048,0
520223,16141886278457098624,864743911456112656,0
1073987587,1125968692386176,432371954117246976,0
98311,9232098225009197184,432363157487550464,0
4097,16158776881845383360,216199172003528704,0
258055,9225060955438711552,576495939896868864,0
262175,16158774785649672384,432398344007319560,0
63519,16175663275666571648,864743911456505888,0
229391,17294033701108187392,576531133934075904,0
61455,13840406114207270880,2017647823876784128,0
61455,13840406182925173504,864796696604573696,0
458767,562984315256960,144123985779589120,0
253967,9225060989808936832,864726316048646144,0
122892,9223935089893703936,864726319269937152,0
14351,16157085892838687104,864796696604573696,0
4103,13835339564624904448,864726319269937152,0
12295,13869679528963473792,432398344007122952,0
31,16176789149799415936,432363159635230728,0
122895,9232942220428968320,432363159634968576,0
96,2377832416353976704,288283155931267072,0
8207,13869679528960327808,432371953580572672,0
3,13842095256153096320,288247971559112712,0
15,17311697905164222848,432398344007319568,0
786495,13839280231475578816,2233811805065543680,0
122880,9225060989798449920,576495943118225408,0
122881,9225060989800546560,864743908234625024,0
126983,13835902583297803008,2017718199063937024,0
131103,13870807078235275456,432371954117361666,0
253955,9225060989800546688,432371954117312512,0
15,9294022307551903872,144141577965633540,0
258079,16158775747743318464,432407140100145152,0
134225935,9238008804367401920,864708722251792384,0
49215,13862361179565850752,432398342933577744,0
253981,9223935038349902208,432371955728056320,0
397327,13835902531818885088,432363159635034112,0
28679,16154834642781864064,432363159635230720,0
24639,13905708325979291840,216181578743726080,0
31,13843783813926224256,432371954117345282,0
127,13906974937603113056,252232369216880640,0
131087,13441267691684032,432398342933446672,0
59423,17311696255896781248,432398348302811152,0
63,13870242444551913664,216181578743775236,0
15,13870523953889411200,432371953580572684,0
245775,13835902531759243648,864796688014639136,0
12303,16175103598472462528,432407140100341784,0
122895,9224498005497350112,1729452629949677568,0
507935,9250958285382615232,1116925693339377664,0
131103,16176859518548312960,2161974124628148256,0
57351,9229564589427917184,432371954117312512,0
114695,9225060989808935680,864796688013983744,0
507967,13835902531754000512,144123984705847298,0
1055,17311696281665536256,864796688014639104,0
65551,16176789725325033856,1008859099531968528,0
114751,16176789175569220032,432371956264960004,0
63,16212888315560984768,432363158561488944,0
110607,13844347296485998720,144141577965600772,0
233503,13836747008254676864,864743908234625024,0
8195,13851665663029936512,432371954117312512,0
63495,16145686740397457792,864743911455981568,0
12303,16174959588219552128,864743911456505888,0
63495,16154834677141602688,864814288790618112,0
2051,16149768385295548672,864726319270592528,0
4127,16210988385238516096,288283154857721856,0
126980,13835621108322141952,864726314974838784,0
131199,9224216513327661248,216181579817517058,0
98319,9233223712582402176,432398342933315584,0
114700,9232942770218336640,432363157487419392,0
4099,13870805411690447104,288283153783685120,0
8207,13852509606933694400,864726319270068232,0
65543,9225342387464700288,576531129638584320,0
7,13840406938839417088,288283154857459712,0
245768,9223935021170033024,288283155931267072,0
507919,13835621108321095664,4593724399697330176,0
16399,16155257989117247872,288283154857721872,0
57351,13867429653409431744,216199172003512320,0
458767,13843924568591303104,432398348302286848,0
6151,16145686431159812480,864796694456827904,0
122911,13835621039628354496,864726319270068224,0
61442,13842657982738858752,864796689087856640,0
258064,4612530477733515136,2738206166701113344,0
63,16172286099925762240,144123985779589126,0
57347,9225342619419149056,576566311862534144,0
4111,16158212342602006912,288265566966513664,0
491535,563001496174976,432398347228545024,0
49159,13840406663961510144,864743908234690560,0
12291,13842095788699681536,576531133933027328,0
63,54606179843702976,216181578743709698,0
2,1170867209412542592,288265566967037952,0
131087,9223935021174227328,432354360857493504,0
8,9232097778314772608,144132781335707648,0
6175,17294033683928318336,864796694457876544,0
253983,13889523489048625344,504429548155371520,0
196615,562984315257216,288247971559112704,0
4159,16195788736497189056,144141577965633536,0
248,143833841949212864,216185977058672643,0
57,16284952493783777472,144141578502668288,0
63,1688918596256512,288247969411497984,0
126977,13835902514578325760,864796688014245888,0
31,17365246870215983488,864726319270461472,0
57359,9223935021174227328,432371953580441600,0
4111,16173414774584901824,432371954117443584,0
24639,16176789184159154560,1008929469349888016,0
12415,13979032557416612288,432407140636917766,0
794687,13870805480436663280,864743912529920016,0
24583,13851665663025742208,432363159634968576,0
98311,13850539196183216512,288283154857721856,0
229391,10977575634468992,432363159635230720,0
8199,13851102979476687040,216199172003659780,0
63,13906834225886134400,432363157487550472,0
8193,9226187714339013504,864708721715118080,0
114703,9225060989810771840,288247971559178240,0
262168,35888738137014336,216181578743775232,0
49159,13848850896079814784,432363159635034112,0
786495,9241105011930300608,504429548155273220,0
63,16158071089616912768,288283154857459712,0
522240,4612530477723549952,864726319270068224,0
12,13852791545785223232,72066390667853824,0
63495,17311697183647466368,2017876530885820416,0
196623,16158775575973986496,432363159635230720,0
155679,13871931328772964736,432371955728056328,0
2063,16175101390860845184,432398344007319568,0
63,9288111384583733632,432354361125945344,0
31,13906976062886117824,432371953580572684,0
12303,13870948064731070656,432371955728056328,0
260127,16142590017441636288,4467597220241244160,0
24607,9255741710722400640,864743908234887176,0
229391,16145263978181820800,864814288790618112,0
31,13870242444551913600,144132781335773208,0
68623,17311698214506725824,1008938265442975744,0
30735,6944832151923720448,864726319270461440,0
6175,16141182591014273280,864796694456827936,0
4099,16147938265337430272,864726317122453504,0
8199,13870806253500891328,432371955727990792,0
63,13835902531754000512,432398344007057416,0
32783,9231816389241602432,432371955728056324,0
12291,13852369608164507776,144132783483256832,0
1040400,13835902531818758112,216185977058672640,0
127007,16204163677908631616,1008859099531968520,0
4097,16149627853932069632,576566311862534160,0
258063,13835621039597420672,2162000501632172032,0
57351,9225060989798449408,864726319269937152,0
116751,16149767586399126400,864796694457090048,0
12295,13867427729149788416,864743911455981584,0
4103,16212817938228445312,432363157487550464,0
4115,16212822241789871040,1008859096310546440,0
24639,13835480284930244736,432363159635230720,0
61447,16157087825674109120,144141577428860940,0
4103,16158776701305749888,432398348302352384,0
2111,16212892679249330624,432407140100145160,0
15,140462636219760736,108092988529328128,0
49167,16159128776852111552,144132782409777152,0
31,35748412967092416,432363159635230744,0
0,2323791325760061632,432371953580376064,0
98335,9224216513327661184,432398342933577728,0
253952,9223935089893703936,288283155931201536,0
442431,13835902531759243648,1008859096310546432,0
122887,13836043337966027136,864796696604704768,0
491535,1688952945770880,432371954117345280,0
4103,16176226199845994688,432398347228938272,0
16399,9258838485218885760,432371954117345282,0
245767,13837028483204645248,1008867892403568640,0
229407,9223653529014501504,432363159634968576,0
98317,9251238093910967232,360305563449491456,0
196639,13903598371755524544,432407140637016072,0
1744957440,13836747008234226432,2017735784807137280,0
0,35961731239383136,72066391204757504,0
131103,9227312738071479232,144123985779556352,0
1032193,9224216513330809216,4467632406760849408,0
15367,1162069458531909888,576566314010673152,0
24,4647435007018664000,72061992352890880,0
49158,9228157953307050112,1080881504902447104,0
24639,13836747008227934592,432371954117345280,0
49167,28710980334391696,432371954117345280,0
520223,16141745523810373600,576566311862534160,0
31,16172848491534483840,288265566966513712,0
1030,17311556506287604096,288283154857721872,0
522248,13835902514603499456,216185976790220800,0
126980,4611967527768032000,3386812477194371072,0
253983,17307544499988725952,432398347228938272,0
1610727425,9225060989808936832,864743907160883200,0
49183,13906977136626368608,216199173614272520,0
253967,13838154383138490304,1729487822912225280,0
40967,16148078968462901632,1008841507346317344,0
16399,13849413330636112256,288283154857721856,0
507907,9223935021176065920,288247969411563520,0
30723,17301001057188447104,864937431946231808,0
49165,9234068189055287552,288247969411563520,0
12295,13840406938835222912,432363159634968576,0
516159,13835902583323496416,2161833380696948736,0
1638527,9223653529012928608,108092988529360896,0
12303,13869680628475101568,288283155931463688,0
16,71991619248205920,9439558014718705664,0
262207,9241104977568465088,144128382752358402,0
122880,13835902531755049088,432398342933446656,0
4111,16154695039163826560,288283154857721872,0
4103,16149064680737865856,288283154857721856,0
68623,17310853480334766208,9655770380862095360,0
12303,17329710680179213184,864796688014114832,0
12295,16284949517377208768,1008929476866473984,0
27,13869680628471955584,144123984705847298,0
28735,16175522521057599456,3170569326336671744,0
198671,16149767586394931584,864743912529854464,0
100367,16176226775375807360,864796694457090048,0
57351,13842658343516111232,864814280200159232,0
48,71988333462945856,72061992889794562,0
253967,13835339581801628032,864796694457090048,0
24591,13903456526165606784,432371954117312512,0
63,16212889969125491136,1008929474720038976,0
57351,13852791030356640128,288283159152558096,0
3072,11537377854752817152,576460752304472064,0
127,16157930317769867392,432363158561488904,0
4099,16141182573838598400,576531129639108608,0
4099,13851384256770605312,864726314975100928,0
6207,17364683920263090160,4575903524898471936,0
57375,16204444070556729792,1008929468276539424,0
262152,6926254803491751040,432363157487419392,0
61503,16177352125522641280,864743911456505856,0
3075,17302689881510654080,288265564819554304,0
229407,1688952945770880,432371953580474372,0
405519,9223935089893704576,4539654813205430272,0
15,16204093322116988992,72070788714364932,0
98317,13844911380343292896,1080881505976385536,0
245773,9224216513326612608,288283154857721856,0
9,13843502373319213824,864726314974904320,0
63,9359324467786940480,216185977058721798,0
114751,9242230911837143424,432363159635034112,0
127,9367212372795064416,108092989066231811,0
16399,9223935021174227328,288247971559112704,0
7,16176793298939154624,432371954117345284,0
114703,9237727312209772672,432371954117345284,0
63,16158845154398044544,864743912529920008,0
2049,16149205589974581632,288283159152558080,0
28687,16175101949206593728,432407140100341776,0
12303,13852792679625130368,432398348302286848,0
0,71778266545914048,216185976790220802,0
32771,13843784105979806080,864726317122977824,0
28687,13849413330640306560,432363160171905024,0
12289,13838717693854744832,864726317122977792,0
63,16174959553860862080,432363159635034120,0
245791,9223935021175279584,2233803010583101440,0
7,9240194019299426400,144132782409646080,0
15,17874786305704064,432363159635034120,0
65543,17310852380722462848,432398347228938272,0
4127,16176790275080847744,864814280200355848,0
15,17321340072384004352,576531133933027328,0
253967,13844909731009790144,432398342933577728,0
15,13870807078134612096,432371954117312524,0
516127,13852791030357688768,432407140637278216,0
31,143983238094258368,216185977058656256,0
122908,13835621125526126976,432371955727925248,0
122893,9234068154693452736,4395566013945544704,0
61442,13835902514576229120,1729452638539874304,0
15,13835621039662170880,576495938823389184,0
4111,16176648438084010368,864796685867155488,0
8207,13840124707948462336,864726319270068232,0
63503,16141745540971889024,864796688014639104,0
7,9241320460608354401,9331473822013997056,0
63,16212888315560984768,504464734138007552,0
3,16176790000207135104,864743907161145360,0
229407,13862924679311786368,432371954117296128,0
57350,9223935089891607296,576495940970741760,0
3073,16158071622194954752,1152991881941483520,0
57344,4612249002772005120,288265562671546368,0
4110,4626041293785530752,288283154857721856,0
2055,17365742775729914240,432398347228545040,0
1040415,13835902514579899360,864743908234690560,0
231455,16168348199100088512,432371955728056320,0
245767,9224216513327661184,432398342933577728,0
28687,16141323328502628736,864796694457876576,0
7,17329148803964469376,432398347228413984,0
31,16208322043770831072,216199172272128004,0
114702,9223935021171082112,288247969411563520,0
4127,16208878422425862272,432371954117443588,0
115727,17321829930587128192,288283159153082368,0
2079,17365739545917653376,864743912529920000,0
63,13870383216402104448,432371953580474374,0
57375,13862361179565850816,216199172003561476,0
61447,16154834367903957376,1008859099531837440,0
3075,16141182642555978496,18158724812381356032,0
32799,9250958285483278528,216185976790220802,0
126983,16141182591014273792,576495940971003968,0
31,13906974937604686016,144141577428860940,0
12291,13851665130453991680,864743907160883200,0
1112191,16208877288554496128,432411538683527168,0
516127,13835621108321091840,288247969948467202,0
31,9255460218561626240,144123984705781762,0
213007,13862924129582190464,432363157487419392,0
262175,16141323328502628736,864726319270461456,0
270367,9223935021170033024,288247971559112712,0
458815,9224216513327661248,216199172003528704,0
507935,1126003019089280,432371954117279744,0
245791,9259121540781310400,1080929885024911364,0
253967,9234068189055287680,432398344007122944,0
260159,16174396706989801856,1008859096310808584,0
3758342145,9225060989800546688,432407140636884992,0
393247,9224216478967922816,432363159634968584,0
516159,9225060989800548320,2233838194955321344,0
57407,13844909731009790336,432371954117279745,0
262175,13870946174945460672,432407140100145160,0
217151,17294315176084898176,864796696604180496,0
63495,16154834651470368960,144132783483518992,0
61447,13835902514578325760,576531133933289472,0
0,71987251064602816,432398347228151808,0
245784,9278259708855058560,1080890299921793024,0
30735,16150752740226630016,864796689087987728,0
31,13904301002638492032,432371954117345280,0
30723,16141182573838598912,1729593371733262336,0
15,13852931767844995200,432363159634968584,0
260126,6917810554163692416,864814280200814592,0
15,16145123223512547584,864726319269806088,0
491551,9231816337698848896,432371955728056324,0
12303,13849413313460437248,864814280200159232,0
122887,16145263986771755904,2017858953732947968,0
129039,16175103632967991680,432398344007385096,0
98335,13835480284929196288,864796694456827936,0
64527,17312048082435702912,432363158561357824,0
524351,16141323294143938688,432363159635034120,0
196639,1688901403017408,144141577428860936,0
114719,13835902531755049408,432407140100145152,0
4127,13860672381248340224,864743907161145344,0
253983,13862925778887377088,216185977058672641,0
57375,13835621039597420800,288283154857459712,0
65543,9223935021172130048,288247971559047168,0
28673,13835902583307765504,1729593376028229632,0
114695,17326334054197362816,432398347228938240,0
12319,16208879496166113472,216199171466788872,0
8223,13905146449833230432,108092988529328129,0
36871,16154693939656393088,864726319270461472,0
63519,16177072823931502784,216181579012145152,0
12351,16284738196396310912,504429548155273220,0
45063,16158775051941839232,864796694457090080,0
8590966799,1125968630515680,1116910302995218432,0
49159,16154835742292443520,864726319270068224,0
28703,16141182591018467712,864726319269937152,0
258079,13906974971968618944,1008929469349888000,0
3,13866864744832434560,288265562671677456,0
28679,16147868420576117120,864796694457090048,0
4099,13839843714003894656,288247970485633040,0
65543,13839420968967078656,1729593371734310912,0
24591,9225060989859268480,432371953580441600,0
32775,13852933666219491520,216199173614272520,0
57359,13844910280764555648,288283154857721856,0
57471,13907960194516648384,504433946470236162,0
56,35747425154240504,2161745416545107968,0
16399,13852791855024963968,288283155931267080,0
12303,16159196989523755392,288283154857721856,0
127006,4611967544945803520,576566309715050496,0
1026,17302689872684777728,864796694457876544,0
31,13870805428867170432,432371953580572676,0
127,16197125716865188032,432407140100341760,0
196639,13837169143380443584,864796694457090080,0
31,18579049304555584,72061992889761792,0
7,17311487056694739136,432398347228413984,0
229407,13835902531754000768,432363159634968584,0
491535,13837169177740181952,1008929468276015104,0
258063,16141886287051228032,1008929476866473984,0
129027,13836747446340814592,1729487816469184512,0
805560376,13871931328772964480,432378551455514624,0
24591,9225060989800546560,288283154320556032,0
14343,16148501765096999168,864726319270068224,0
4103,16172707754046128256,288283154857590784,0
63,13979034765026132160,504429548155404292,0
51207,17310007981562134912,864796688014639120,0
30735,16148078702174929280,864796694457876544,0
63,16141745523792019840,432363157487419396,0
63,16194803548307325120,216199173614272536,0
402714627,16141323405825672960,8647403891530399744,0
13,17329782947362898304,432398347228545040,0
393247,35747923340820672,432371954117312516,0
8223,13835902514578325888,288283155931201544,0
0,13852932291832054016,576531121047601152,0
258079,16141886278461292928,864796696604704768,0
245791,9223935021170032768,144123985779589120,0
129031,16141745747156535168,1729593393209147392,0
196671,9241105011930300800,432371955728056320,0
12295,16276290579836436608,432363159635034120,0
65543,17294244833113670400,576566318306164736,0
98319,9224216496150937856,864726319270068224,0
53255,16141323328502628736,864796694457876480,0
65543,8445108347207808,144123985779556352,0
103,13979034180910055616,432371956264927244,0
2049,13852792662446834176,1729452634244382720,0
15363,17302127068794847616,864796694457876480,0
258056,6917951257289163136,864796694457876480,0
122880,9225060955438711552,864726314974838784,0
507919,13835339547505598432,144141579576279040,0
57375,13902893541852446912,216181579817517060,0
8207,13835902531754000512,432363157487484928,0
8195,16155257164517081472,864743911456112640,0
63,17364965395239796928,432398347228545024,0
28672,4612249002744742400,576566309714919424,0
61447,16154693905292460416,288283154857721872,0
49155,13842376713920577920,324311953084383232,0
28703,16204373688927125632,432398342933577744,0
7,16149768368178594176,864726319270461440,0
24591,13862924129518223744,288283154857590800,0
57375,13835339581800579456,2269866991974285312,0
24703,13890086473361785024,216199172003561476,0
63,17348076879454666880,864796694457876480,0
65567,9242371623553597632,432363159634968576,0
15,16176648438080864640,432398344007122952,0
131103,16168065057657719872,1224992293589647360,0
2079,17329712750350827968,1008929476867522560,0
114718,9223653563374239872,432363159634968576,0
57348,13844909713833066752,864726317122453504,0
258063,13837028431665037696,864814281274032128,0
0,6944488786467225792,432398342933315584,0
0,431000032641216,432398342933184512,0
114695,9228438964415758720,288283155931267072,0
31,16150752740227678592,864743912529920000,0
65551,13864051678693556608,432398344007319552,0
24582,4638989108349239424,144132781335773192,0
28679,13851384256770605312,864726319270068224,0
57375,9239979112022409600,432371953580572672,0
6159,16176789596476014976,1008929468276539392,0
28,17733739577606336,216181579817517058,0
7,16158845944768499840,432363159635230736,0
65551,3377966075085056,288247969411596288,0
61471,16175522589716775808,864814281274032128,0
7183,17329712329446654848,864814280200683520,0
258055,13835902531754000768,288283159153082368,0
4127,16176648438084010368,432371954117345280,0
49215,9295148207462941056,432371954385797122,0
1032319,9259119384668405984,216185977864028164,0
61443,4611967545008721792,576566318306164736,0
258056,9232942838904259520,504420751525347328,0
0,16212896974216626560,432398347228413952,0
65543,8445228571689024,144141577428860928,0
31,21955099724087360,72070788714430464,0
4099,13837872839413203200,576495940970741760,0
126990,6926817753414238592,864796685866631168,0
1031,17310852372132528256,288265566967037984,0
24583,13898389959403897216,288247971559112704,0
12295,13848852029950132608,288283154857721856,0
31745,16141745592509399552,3459186777827311616,0
4127,16175522538174022016,432398344007385096,0
12303,16283194387577438400,504429549766180888,0
7,17311768742293147840,144141579576606720,0
7,13852932291863513152,72070788714364932,0
6443466783,4222253507543488,1008929469349625856,0
262264,35465967326199904,108099586001764352,0
122887,13836747437751403264,864814281274032128,0
253967,9240823588496343424,432371954117345280,0
57375,13835902531755049344,864743908234887176,0
192543,13862924129522418048,432398344007122956,0
64,143978719786565696,72070788982800386,0
34823,16158635139083010432,432398342933577744,0
8223,9258837987005825280,288247969411596292,0
196615,9225342387464700288,864796694456303616,0
126991,16157085935793603456,2017735794471337984,0
196639,16141182591014273408,864726319269937168,0
458783,9223935038349902208,432371954117345284,0
6,2323717305991696576,144141577428860936,0
262175,9258838141621502144,216185977058639873,0
63,17365811503797109184,1008867896698732544,0
12303,16208878388099681264,4467579626981457922,0
64519,16154835776656376192,864743911456636928,0
65551,16158212101983174912,864796694456827936,0
61454,13844909713833066752,864726319269937152,0
49183,16199307147936268416,432407144395702272,0
122887,13835902600477672320,864796688014245888,0
8255,13906834225890329024,504429548155273218,0
458815,16176789184159154624,432407140637016068,0
25,16176789175569219968,864743911456112656,0
61455,16173270738363482496,432398344007385096,0
38927,16168344900498096256,432363162856849408,0
24579,13840406114203599104,576531125343092768,0
268562432,6917810554189907840,864796694456303616,0
57359,13862362794471456960,216181579817517056,0
4120,16158634091122525120,864726314974838784,0
31,16176790240721109120,144141577428729868,0
8199,9240824069528486272,432371954117345284,0
16391,9237446369807958144,432363157487550464,0
7,13843784638559945088,288283154857721872,0
260127,13837028483213034240,2017735785880879104,0
196615,562984315256960,144141577428860928,0
61471,16141323302733873536,864796694456827904,0
63491,16141745592538501088,1729593393209147392,0
3,13836747008225837824,576566311862534144,0
122911,16141182591014273408,288283154857721864,0
32783,9250675126776627328,432398342933446656,0
57359,9234068189064726464,864743908234690560,0
57359,13835621039597420672,2161745414397689856,0
507904,9223935089918871488,432371954117279744,0
2,3467703294350069888,1008841515935465472,0
27,35466499941468352,216185977058672640,0
15,9286706122818846784,72061992352890881,0
63,16283608929229865088,144123984705847302,0
61471,16212817981182312896,1008938265442910208,0
2051,17329714811934605696,432398342933577728,0
2063,16176790799066857856,432398347228938272,0
134465548,3490502479598584000,432407140100341760,0
8207,13862925211854176640,288247971559178240,0
1556607,9227594213048189152,252216973100957698,0
31,13870805394507432064,432371953580441604,0
114703,16149767577809191296,1008859100605710336,0
253967,13840406131385565568,864814280200683520,0
6147,16155256872429945600,576566309715443744,0
65551,17733799742800256,432398344007319568,0
7,9232942770180587648,144123984705847296,0
98335,16141886278457098624,1008859096310808576,0
12303,13835902514578325760,864726319269937168,0
0,71925644055806144,216185978132430848,0
233479,16141323328503677312,864726317122977824,0
127,13978896192199196768,72070788982816770,0
57375,13844487492774920576,864796694458138656,0
4159,16172848491535532416,288283159152689152,0
1865791,16141182573838598912,864803286962929664,0
2147741697,13835902531755049344,288353553666801664,0
253981,13835902531759243648,432407140100145152,0
131135,13839420968963932544,432398344007122952,0
12303,13835339581800579456,864726317122715680,0
4127,16176789175573414272,864814280200683536,0
63,9295291088134209760,504455941266997248,0
15367,15003954098143236288,432398345081192448,0
393231,16149767577804996992,432398348302286848,0
102415,13844909731012936064,864743911456112648,0
253983,13852791236520313280,432407140637016064,0
253983,13835902531755053024,432363159634968576,0
196615,13843783831106093440,288283159152689152,0
24583,9225061007003484928,864726314974707712,0
63,9295148173096910912,72070788714364930,0
15363,12684599740226081152,864796694457876480,0
65543,13848991633566072960,432363158561226752,0
229439,9259119410440306880,216199173614534664,0
1572927,13835902531754000512,144123984705781762,0
16391,9232942220424773760,144141577965633536,0
4111,16176649537658552704,432371956264960004,0
3221348352,13835621039618394048,864743908234493952,0
12295,16156947113893167488,864796696604573696,0
98310,9223935055531868416,864743907160948736,0
4099,13849131907201106688,576531125343092768,0
229391,9238572063560566656,1008832706420768768,0
7,16156947096675549568,288247971559112712,0
31,16158774777063932288,1008859099531968528,0
24579,13842096905455140992,432371953580441600,0
32799,9224216513327661440,432371953580572672,0
4127,13853353945951371392,144132781335838728,0
12351,16172637393892934016,432398347228545040,0
65551,17294244833113669888,576531133934075968,0
458815,13837169143378346176,432398344007319568,0
507907,9225060989800550336,144128383020711936,0
122887,13835480319288934656,576566318306164736,0
127,16175100291349217472,432371953580441604,0
917535,13843783899826618816,504433946470170624,0
507919,9227594419219203008,1008867892940472320,0
786495,13870947892932903104,216185978132398080,0
522303,16284953640676360416,252234566360743938,0
229383,13835902497395310976,864796694456827904,0
61447,16157158194418290880,432398344007319552,0
16447,13892197527101374912,432407140100145152,0
131103,16158774785649672640,432398348302811152,0
516127,16141323328503677312,864796685867155488,0
14343,17328940721590763712,432477513139355648,0
12303,13835902514578325888,288283154857721872,0
32783,9241105836614356160,216181579817517056,0
15,17307756422300178816,288283155931201536,0
129031,17294244833113670400,4035717907464847360,0
8207,13870950014713332160,432371955728056328,0
63,16176859501362151616,144132782409777168,0
7,9241246539740878912,8796629893124,0
196623,13862925778785665152,432363157487550472,0
1879531537,9225060989800546688,4602958095126102016,0
131087,9240824361586262144,144141577965633536,0
262156,4620411777071448448,288283155931201536,0
15,16175103598474035328,432398344007319568,0
67599,16155398726609797888,576566320452861952,0
12319,13862924129519272320,432363159635034120,0
1032255,9223653537604436160,432363159634968584,0
77839,13852791013180965824,1008859096310480904,0
983103,3940701216702656,432371954117443584,0
16391,13849414155303387520,288283155931201544,0
1048703,13838295069061284224,288247971559079936,0
8199,13849414962790793600,432363157487419396,0
57359,13848850380713103328,864726317122977792,0
999487,13835902531755049152,216199172003561472,0
63,34903000193433728,144128383020711937,8
31,16176648987874427264,1008859096310546440,0
114703,13835621039601615104,288247969411694596,0
4135,16211130187943511008,144123984705847296,0
262175,35465898606198848,216185977864028160,0
8207,9240823519772672384,288283155931463680,0
8,3494654755298345152,144141577965600772,0
28679,16157508414545592704,864743908234887184,0
917567,13906978854713952352,108101785025036288,0
31,562984315256960,432363157487484928,0
32775,13844347296551010368,72070788982816768,0
24583,9237164912011116672,432363158561226752,0
515,17300719281661546880,864796688014639136,0
65551,16151458051230007488,432398347228938272,0
200719,4620974744200544384,432363159634968584,0
30727,2333005361649287552,864796694457090048,0
3,16176792474104103040,432371954117312518,0
8199,13852791854994555264,288283159152689168,0
57347,16149767629345653504,576566320452993024,0
114696,13844276373655912576,864796694456827904,0
61455,13869680078719287680,1008859101142319104,0
122895,9223935089893704064,432398344007122944,0
12303,16158775301045748096,864796694457876544,0
516158,9223935089895280576,288247969948434432,0
57375,9225060989800550336,432371954117296128,0
49183,13870805428870316416,432371955728056328,0
1031,17307757246967447936,288283159153082368,0
57359,16141041810574147712,288283159152820224,0
122895,9229564589427917696,432371954117345280,0
63495,16145545968583966848,288283159152689168,0
24591,16158776709832770432,864796696604573728,0
516103,13835902514578325888,864743911456112640,0
1039,3494653148879913344,864796694456827904,0
15,9232097778315821184,144132781335773184,0
61447,13849132456959017728,864796688014114832,0
262207,13849413330641355200,504433946470236162,0
1046559,16141886347179721600,2017735785880879104,0
28678,13835621039601615104,576566309715181568,0
16399,9259119410438733952,432363159635034120,0
14339,16212821820882026880,432407140100145152,0
12295,16157086476958433664,864796688014639136,0
14,2337228620236325056,144132781335838720,0
126991,13862644355419867128,8935176847222767616,0
5123,17311768548886970752,864796694457090080,0
65551,13852933417113485504,432371955728318464,0
28675,6924707481362891136,288265564819292160,0
33,13978893744069411008,216185977058672643,0
4111,13852791081900442368,864743908234887168,0
65551,16168346541242712448,432363159635296272,0
12303,16168348199165100224,144141579576279048,0
16391,9237445820056338688,288283154857459712,0
57351,13839280231478722944,864743911455850496,0
126991,13862925761605796224,504464734138007552,0
31,13851665130450846080,432407140100407304,0
129031,13835902583295705856,1729452638540922880,0
57358,13835621039601615104,864726317122977792,0
6442942467,9224216513325564096,144176768243335168,0
245791,9233223712581353952,1008823909790842880,0
508031,13979032531643138240,504464734674976768,0
3,17302689056646235008,2017823765067464704,0
8319,13978891819928256960,252216973235118081,0
98311,13835339564622807808,576531125342830592,0
147487,13865175929336103296,432398344007385096,0
63,16141745523792019712,288283154857721856,0
57375,13844909731008741760,288283159152558080,0
65567,13848428168218673536,864796688014245888,0
57375,9223935089893703936,288247971559178240,0
127,13852790995995852864,216185977058672643,0
4097,13852791837810491776,288247971559112704,0
253952,9225060989800546560,864743907161145344,0
245791,13835902514578325760,864743907161145344,0
57471,9295148276178223552,504433946201784324,0
31,16176789149797318784,432371955727990808,0
7,13852791837848240512,864743908234690568,0
204815,13844347605690089664,144141577965600772,0
28679,16154834917760438656,864796696604573696,0
38919,16158634864241803648,864796688014114816,0
63494,3472416067374023040,864796694456827904,0
114719,13853916930264531072,432371954117345284,0
4127,16176789175573414272,864796688014639120,0
32775,16145686706138382720,288283154857721856,0
12303,9225060989798449920,864726319269937152,0
24607,13835621039601615104,288283155931267072,0
110607,9232942289144252352,2161754211027615744,0
31,13870947789952260192,108099586001780739,0
114717,9223935021184192384,288247969411563520,0
4111,9237445820056339328,1008832705883865088,0
126991,16141745592538238960,1729593388914180096,0
3,16284878873750929600,216199172003561472,0
16391,9228438758240551168,288283154857459720,0
491535,1125968632611200,432371954117279744,0
516127,13839420977553866944,432398348302286848,0
516127,13835902531755049088,432407140100341760,0
49152,9223935089891607296,576495943117963264,0
499743,13870946166359720384,1008867896698535936,0
939552769,9225060989806838528,864743908234559488,0
393279,13870946419757023424,144141579576344588,0
122895,13835621039601615104,864726319269937168,0
31,16158774777058689408,864743907161145392,0
28675,13835621108318995200,576566309714919424,0
262175,9259121033968877760,216199171466788864,0
15,17325488521165668480,288265566966513696,0
258063,13835621108331057024,288247969411563520,0
393247,13836043277833339264,432398348302286848,0
196623,16174539025022976384,432371955728056320,0
131078,4222176192364800,864726319269675008,0
12295,13840406114205696256,864796688014114816,0
8195,13843784088804131200,288283154857721872,0
8199,13842658755862331776,432363157487550464,0
245791,9259119410439782848,504464734138335240,0
60,3494722959281488256,864796688014114816,0
536932353,16141886347188111104,1729593393208098816,0
32775,16158212351092327296,288265564819292192,0
122895,9225060989810509568,1729487816469774336,0
122911,13862925229034045696,900757315312287744,0
6159,16176790893560332672,1008859100605710352,0
260127,16141745592519885568,1729505409729167360,0
61471,13862924198242943872,2161754211027550208,0
516096,13835339581801628032,864814280200421376,0
31,13892197527100326272,432363159635034116,0
114691,9225060989798449920,864726314974838784,0
127,13862361179565850816,432363159635230744,0
31,16176790799100936384,216199172003528708,0
196639,16176791314463457472,504464734138269704,0
8199,13852792954603700352,432371954117443584,0
516111,13835902531758195072,1008859100605448192,0
31,16212820115777389024,504455941266341936,0
49155,9228439445435318656,288247971559112712,0
129039,13849415254819209600,864752709159550976,0
16391,13849554617884475648,864796688014639104,0
61455,4630125945119834496,432398347228413952,0
24607,13852931733486305664,432398347228545024,0
57358,9223935089919921920,864726314974838784,0
3,13852933803658444992,432363158561488912,0
1,16176650534024904896,216181578743709698,0
7,13848850380682690688,432363157487419396,0
73743,13848850930439553216,144132783483322368,0
126991,13862362279077478592,432371956264927240,0
126991,13852791030356640128,1008929468276539424,0
262175,13835339547441889408,144141577428762628,0
8195,13842657931195056384,288283154857721856,0
0,1224910920337064064,432398347228413952,0
14343,16176790824839807744,864796696604573696,0
131087,16145263943817888128,864796694456827968,0
57350,9228438689518977792,864726314974838784,0
12319,9240823554136477632,864743908234493952,0
122887,13835621108347307776,864743908234625024,0
31,9295148181686845632,216185977864028164,0
491583,13861938975690719424,504429548155404292,0
131103,16176789175569219968,432398344007319552,0
40967,17325842022743933312,432398347228545040,0
31,16284882163695878528,432376351358500865,0
31,13870949473681670592,432371954117345284,0
24579,9240823554134508416,1008859096310415360,0
8207,13852791580116648320,864726319269937152,0
32775,17307757281259028864,864796694457876544,0
507905,13835480284930244736,288283159152558080,0
114703,9237728927148933312,144141577428795392,0
196639,8444489834168704,432371956264960000,0
7,13869398036806893952,288283155931201536,0
258079,13862925761605796224,432407140100145160,0
1040447,9225060989800546688,4467597220241309696,0
260111,16141323328506823552,864796694456827936,0
7,13906834191526396096,144141577965600772,0
507967,16212817946818904512,1008859099532492816,0
122911,13862361145204015168,216181578743775236,0
7169,16176791065455493504,864796694457876480,0
114719,13844909731009790080,432371955728056324,0
0,16144419931204616448,576566314011197440,0
12351,16212677235099828608,432371955728056324,0
245823,13863064867010773376,864743908234690564,0
512031,16141323328502628736,432398344007122952,0
114695,13849555953730984032,216181579280744448,0
253967,13862503532029018304,432371955728056324,0
15,9259119410439782528,432371953580441604,0
15,13844911380277231744,144123985779589120,0
28687,16150331077517377792,576531129638584384,0
30735,16155256339854004192,2017718201211420672,0
253952,9223935089891607296,576566309714919424,0
3,16176791237153522048,432398348302286848,0
61471,13864050080968868224,1008859096310546432,0
63,9295151480288837696,72070788714364930,0
32775,16158775601731207552,864814280200290304,0
260099,16141041819167228288,864796694456827904,0
122887,13835621108347307776,864726319270068224,0
61455,16157085935793603456,2017858953732947968,0
286751,9224498005493680000,2161754211027550208,0
122895,16154834127385788800,864796696604573696,0
16387,17310079698993152384,1729593388915752960,0
536928256,9223935089893704448,576566314009624576,0
7,13867428828657222016,288247971559112712,0
2055,17329711710968217984,864796696604573696,0
49156,9232942770180587776,288247969411694592,0
14,4629560255008737344,72070788982816770,0
7,9511324812091850848,108090789908758528,0
520211,16141182591014273152,288247971827515392,0
24591,13868553680623240064,432398344006926336,0
30,1688901520458736,216181579280547840,0
122887,9225061419306713856,576566311862272000,0
98335,9223653529014501568,144123985242685440,0
245823,13835339581801627776,432363159634968576,0
229377,562984315257088,288247970485370880,0
7183,17320985471294112128,864796689088380960,0
12319,16176789175569219968,1008859100605710352,0
61455,16154693389896384896,864726319270461472,0
65539,1688884222099584,144132783483387904,0
245791,13852791030357688448,432371955727990792,0
114719,13835902583297802496,864726319270068240,0
507932,9223935021174227328,432371953580441604,0
126991,13835902583297802624,864743912529592320,0
15,13869681178327384192,144123984705781760,0
122895,13862925778890523008,432371954117345280,0
126991,13843783899825570176,864743912529854464,0
16399,16176792474108297664,432407140637048836,0
16387,17301000507432632576,576531129639108672,0
4115,13869116579005858176,288283155931267080,0
49167,9256587286705603568,2017665416062828544,0
12351,13871931328772964480,432371954117279744,0
126991,16144138078273929600,864743911455981584,0
4099,13870805411690447104,864726319269937168,0
458783,13835339556031824064,432363159634968584,0
3,13852793023326323072,1008859096310743040,0
131087,16149556445802660224,864796694457876480,0
127039,16141745540971889024,864743907161145352,0
28735,13870805497589793664,1008859100605775880,0
15,14121318123779915968,72070788982816769,0
3079,17329781023154635648,864796694457876544,0
0,2449890018981839232,432398344006926336,0
260108,6918373504117113088,864796694457876480,0
24639,9295152055749443776,216185977058648064,0
258050,13835902531758195072,864796694457090048,0
200735,16176790824937324928,432398347228545040,0
516159,13870806472607928304,2161789397010284544,0
131135,35465950147903680,216185977058672640,0
61471,13835339581814214592,9079309631779766272,0
56327,17297059651608643328,3459257155160375296,0
1040385,13835902531758195072,432407140100079616,0
24579,9231818313454059904,432371954117345280,0
7516700673,9225060989800546688,432398344007057408,0
65663,13906834225890329024,216185977058672640,0
2147713027,2111113871229696,864814281273901056,0
15,13870807078134612160,144123985779589124,0
393247,13843783899826618816,1008867892403568640,0
65543,13844909731008741504,432363157487419392,0
24,13852791855008186560,432371954117345280,0
573503,9294866732482035904,216185977058672641,0
15,13870243544062492800,432363157487550472,0
61455,16158774777063932288,864796696604573728,0
31,16172848491535532160,432363158561226768,0
229379,9225060989800546560,288247969411563520,0
507919,16141886287051228032,864796696604573696,0
12415,13905708326008653760,432371954117345280,0
417823,9224216513335002048,144123984705781760,0
63,13851665130449797248,144141577965633536,0
127,13867076259085287520,216199173614272512,0
131087,16149767629356139264,1729487816469381120,0
65551,13852791580113502592,288283154857721856,0
254000,9223935021174227936,864708721715118080,0
49159,9231816664136286592,432363159634903040,0
7,13867428828657222016,288247971559112704,0
131103,16176789184159154560,1008859099532361760,0
135199,13851665955134901632,432371954117345284,0
131087,9238853177756876992,432371954117345282,0
15,17307194288422006976,432363158561357856,0
7,13870807353046073728,432371954117345286,0
8319,16176789175569219968,432398344007319552,0
4096,13870807473275797888,432363157487419392,0
31,13870805428867170496,216199172003692556,0
114719,16168907850451517632,432398347228938272,0
245823,9224216513327661184,144141577428860928,0
1044543,16157648885756207040,4539654814279368704,0
258063,13838998945488962432,1008867892403568640,0
31,13870805428866122112,288283154857721872,0
253959,9224216496150937856,288283155931201536,0
11,13979036362751869120,216181579817517058,0
2055,16176649056559301376,1729593376029278208,0
253953,13835902514578325888,288283159153082368,0
31,13869116544646119552,2233803009509294080,0
528416,13866302791311425664,432371954117345280,0
2079,17311696290260715456,864814280200683520,0
524351,16176789149799416256,432398344007319552,0
36871,16149768505635377536,864796688014639104,0
12303,16156945189710070144,288283154857721872,0
12,9295148207458746560,144123984705781762,0
516159,13835339547440841696,2161745416545304576,0
3,3467631851762352384,864726317122977792,0
126983,16141323405817283456,2017718201211420672,0
31,16158845102854242688,576531129638060032,0
32,71776170633856992,144123984705748992,0
122895,9223935021170033024,432363159635034112,0
11,16176226191256060288,288265564819292160,0
32775,17310009330181865856,288283159153082400,0
28679,17307474680999838080,288265564819554336,0
127,13906974937603113152,504429548155273222,0
245791,16141393658591576512,864937444833230848,0
14399,17361517326774567296,432398347228938272,0
1,16212826468031398080,432398344543993856,0
7,16149204602081772416,1729593388914180096,0
0,17877513674162208,144115188075855872,0
8319,9364672853187232128,432371954385715200,0
49159,14637351628177664,288247969948467200,0
253967,13844347296452444608,432398344007319552,0
49155,3941165072122240,288283155931136000,0
28679,16154834127385788544,432398344007319552,0
4111,16172707754047177088,288283154857787400,0
260111,2306265238861775232,864796694457876480,0
28679,16148501009132421888,4324001004338806784,0
126991,16141182556655584128,4323508420981424128,0
458815,563001494077504,72061992621342724,0
122895,9225060989800546560,288247969948401666,0
0,36314652866249152,144115188075855872,0
57345,17293963332368204544,1729593380325818368,0
114719,13862364478100734144,216185977058672642,0
61455,16176790833430790592,1008938265443434512,0
36871,13850539556964663552,864814280200290304,0
5,13851102970804963456,144141577428729856,0
516127,9225060989800547200,1008867892940341248,0
15,16175100299937054912,144132783483519024,0
196614,8867406661288320,432398344007319552,0
260127,17298537300733984960,1008929476867522560,0
98335,19140433774644608,432371953580441600,0
6207,16284312590902886784,288265566967037984,0
393246,22236574702896096,432354360857493504,0
917534,8444266482761792,216199171466788864,0
131087,13835902514588287360,288247969411694592,0
131103,16141323294143938688,432398342933577728,0
65551,17305011225199903104,288335942154715168,0
15,13870805411686252928,144132781335707652,0
245791,19140367143666560,864743908234690560,0
31,9259331040656228480,432398347228413968,0
516127,13835339581801628032,432407140636884992,0
0,4647434491724300416,432371954117312516,0
63,16176859552907526528,864796696604049408,0
66591,17364051726851379184,4539839539212451840,0
262168,13870806528378798272,144123984705847298,0
15,16155256339854000512,864796688014639104,0
63,14106259212525895872,144141577965633538,0
6147,17294807851794958080,4036280857416171520,0
8199,13867146237001598848,288283154857459720,0
14367,17294315176084898176,1008929474719776832,0
122887,9223935089893704064,864743908234625024,0
15,13848991092400193664,432398342933446688,0
31,17451564528306048,2161754211027615744,0
114703,16149767577808142720,1008859099531968512,0
22531,16148079526808649856,288265564819554336,0
126,70931797213446208,108092988529336321,0
847935,16195369797030514912,216185977058672640,0
233535,16196917934943109568,504433946201784324,0
32775,9237727312208724352,864726319269937152,0
7,16212821782356820064,216199171466788864,0
15,13870947789952254144,216199171466657800,0
491583,13871016547985391840,2234031718666076160,0
30751,17365811473732338112,1008929474720038976,0
122911,13862925778887377088,216185977058672640,0
15,16158774777058689408,864743911456112656,0
49159,17311698205811933568,864814280200159232,0
6147,17311415742992744832,864796696605360128,0
96,143833841949737056,216199172003528704,0
127,13852368783530787008,144141577965600772,0
6147,17310009330248974720,288265566967037952,0
469766144,4612249071472608768,576531125342830592,0
402907137,9225060955447100288,2161780600917196800,0
122895,13835902531755049344,432371955728056320,0
61471,6935684189410296256,1008929474718728192,0
4296007743,9278259708856111072,4593801362692644864,0
258079,17329714812169486784,432407140637048844,0
32,69806885146722352,36041991695368192,0
536999936,8070872796258894592,1729593388913655808,0
3075,16143575403227775232,864726319270461440,0
98310,7881402430259392,432371953580376064,0
114703,9240824361607233920,288247971559178240,0
2055,16283186682405060992,864796694456565760,0
126988,4621537676976193792,864743908234690560,0
61455,16154836025877203008,216181579817484288,0
129036,6917951291652047232,864796696604573696,0
33,13906834225886134400,432371955728056328,0
114703,13835480319288934784,864796694456827904,0
77839,16149626840319787904,864743912529854464,0
63,16212677235099828672,432371954117345284,0
28687,16146249123419391936,4467606021166465024,0
8207,13869679528963473792,432398344007319560,0
127,16212254996865486816,9151340832169852936,0
12303,16176790000207135104,864743911456112640,0
122911,13853916930268725632,432371955728056320,0
245791,13835339556029726848,288283159153082400,0
4099,13905145341666132096,144132781335773200,0
8199,13836747008225837824,864726319269937152,0
114695,9252085834555326560,108099586807136256,0
24583,16145827477885813120,864726319269937168,0
6151,16142449211233796608,1729593388913655808,0
49167,9238571788682658176,432371954117312512,0
65551,13849413880391925888,432371953580441604,0
589887,13870946140586246336,432407140100145160,0
15,16158776400622915648,144123985779556364,0
516156,13835902531755049408,432398347228938240,0
262207,13870805428867172336,4467588425758998536,0
49167,9250956618934255744,432363157487419396,0
129039,17311698214439617408,2017858953732161536,0
229391,13835902531758195072,288283154857721856,0
24578,13835902514578325760,576566318305116160,0
6207,16176648438084010368,864743908771561472,0
15,13867006032077652352,432398342933577744,0
49167,13867006040667586944,864796688014639104,0
507935,9224216513326612864,432398344007319552,0
0,7047860729423593664,216177180562972672,0
32775,16157508964301406592,288283155931529216,0
253983,9223935021170033024,432371953580441604,0
6151,16148078693583946112,864796685866893312,0
126983,13837028483214084032,2017858936552292352,0
8223,16141323294142890368,864796685866893376,0
4119,16145686980949180672,864726317122453504,0
253967,9225060955450247104,2017665412841537536,0
319551,13870946166359720896,1008859096310808584,0
3,13870250690891219136,432371953580572680,0
63,6989375528332951744,144132782409515016,0
262207,17365813840460656864,216203570318639110,0
753727,13840406131382943936,216185977864028160,0
262207,13870946140585721984,432363159635034120,0
127039,16159337727013159360,432371955728056328,0
126983,13836747008227934976,864814280200290304,0
4127,16141745540971889536,864796688014245904,0
4103,13849413313458340096,576566309715181568,0
196639,9252084168108540096,1080929882071941121,0
253967,9225060955441857472,864708721714987008,0
