1879138316,13848991899887077472,3567075213302562816,0
134281223,16149768548516371552,3999473562678329344,0
201357315,16148923951787018432,9151868612783374336,0
402714627,6922174198014548000,4684297799611711488,0
33568769,11531608021475002496,7206287182259027968,0
268474374,17300121471536074784,13908021679113633792,0
122911,13905360569152444528,9187620316766011392,0
234945543,17301915966950096832,16069951810390982656,0
402714626,6924707069061760192,1297133457222139904,0
67173391,15015107814777696304,16393661197682999296,0
201391111,12699237130595737200,8323210695499841536,0
1040302092,9232803110794825776,4648238199624171520,0
537124879,16168137073671680112,9187620323208462336,0
134281223,17309798228360173760,7422416004309581824,0
402710530,4618864480788940864,2522165341015375872,0
469764096,11531044865372077248,7350419964668411904,0
469817348,6931603377873754208,6989810929567268864,0
939782152,6926677539944925376,3891242026959634432,0
805404687,9233225336145580128,4719926348628361216,0
1879273480,2333006456930179088,2342096114657787904,0
268564487,17307545311838476384,7422486355873366016,0
30723,16148994445086039136,8575407859406209024,0
61447,16158284313392322576,2360165488748658688,0
2013388812,4638850016033910808,13889662018652209152,0
402716678,17308390613078258352,14088381170098110464,0
402782223,8102188491817234480,13943703014352093184,0
469825542,6931463714127745248,14051785007362473984,0
469825543,16148923934606628960,7134255996901261312,0
402714631,13842236500462798880,6953702976838041600,0
402716679,16158845949061896416,7422486355873366016,0
201355271,13841955029831651360,13943456740927340544,0
8798106365964,6931182226231791664,6953834905348341760,0
50347009,1155243956667680960,5044418640812703744,0
2013526043,1171042557958950936,6935686370983870464,0
28,32514238402404344,4593698008196972544,0
57359,16186150379045265456,7025892495628173312,0
61447,16154624631831802080,10809747413409988608,0
2013526031,16176297535073950832,16699908203311267840,0
134270982,6922455140432612416,3603117202850447360,0
805564431,16168346549864634464,7025833138911903744,0
7,16158846750172786736,9187615918719500288,0
402706434,6933433338892655136,2630214336596934656,0
536985607,9237165152578571328,1225053869193625600,0
126990,2332938278753677360,4720014310095454208,0
201390095,6931534087267819633,9333153943024304128,0
939651078,16154834909117548576,3495052803636723712,0
402714631,13842658901917961952,4287563188725088256,0
469823494,6926466901946932320,7170289191966736384,0
939653126,2319566576582137968,7170289191966736384,0
503368711,1157496035653195872,4828201863201423360,0
402913311,16175174779216477240,8196831705735102464,0
134248451,16148923951837886912,18303719614053351424,0
2013392908,6931462597368088608,2342151090239176704,0
1073987592,13844347305073313824,3494914261145092096,0
402714627,6924706923065903200,2378177687698014208,0
805433359,16154835750982522976,7134260378304905216,0
134281219,3465731857063614560,7134185627083341824,0
268492804,4616471668592220224,6989740569949896704,0
14339,17311487198596182496,18375214245252956160,0
939784216,8097684340118654992,6972080214453059584,0
3,17300685452449427488,9151367219374981120,0
4497340479,16195158677878741040,7188022090266574848,0
402714631,4618723356753529952,3531099192304861184,0
469891077,16144701414820022464,7927443684105125888,0
28679,17309656365572298800,14376607140150247424,0
134238210,4616471385140628544,3531046416283598848,0
268480516,4616471660001757248,2450178107131297792,0
268562447,6931182226265348128,4720225424381444096,0
402710533,9237164869093427232,2414153708695715840,0
536932367,2333076817084420128,4648009501205987328,0
61455,16172640679741890608,13889662010062274560,0
402716678,1166503503410769968,14087818202427949056,0
201375746,13842095780155361472,7062128016939286528,0
67140615,2321044333195440176,14376048575358435328,0
402716686,2314992054260477984,9332368856825462784,0
234911751,17301563964288145504,16646421358787428352,0
402782223,17321056926762801200,6972001049615990784,0
268492807,13848710695526739984,4666164628076625920,0
1476505604,4620835613129054256,2341944378026622976,0
805369863,16148079664295840960,3891655450847870976,0
15,13867570068856379416,4089336631373332480,0
536993807,13850961949846145056,2378054551522639872,0
537098255,10394379412589252624,4647862158326169600,0
1610858504,9251239726098679840,2341944382321590272,0
1879302175,13863068689778613360,4161464598181969920,0
100678659,10393393983917666496,10233286691171336192,0
939646982,13849414129549839456,3566987252372340736,0
469826567,17310818620234545264,16682450155806392320,0
402714631,13851806379138093104,4720069294267170816,0
67139591,16158634907255445696,7134150426605518848,0
470022172,6944765593049118832,8340945793896677376,0
126991,16169544454998077552,18411273843629883392,0
402710534,16154554263120121952,7422486354799362048,0
2200030015502,6931463976119973936,7188305759971573760,0
2199493079047,13842798677342040256,18375240639974473728,0
8195,13842095805876408704,4323526011019853824,0
402714631,16157086708999395520,7998947104955301888,0
402780175,17364121795041957952,7152271478279766016,0
805421063,9232238988298292320,3566987251835469824,0
469889030,6931463714128015456,17258347942050267136,0
1,4434205959790528,8935387951307685888,0
100677633,17297411796014471360,14268511957295300608,0
1879175174,2319495099668760592,3494914265440059392,0
268480518,13839984717830032448,3675209982334205952,0
268492807,16149838887196040288,3711243177936748544,0
16784385,16144982864028506560,5045139920440524800,0
805380100,13848991899887077408,6989736162776580096,0
268558367,16212892445423058936,9205636914298748928,0
536985612,9223935313243538624,1369173459610959872,0
134279175,4616612131219442752,3603143600793452544,0
805355524,9228439462662375616,3602976465362092032,0
402714630,4616471943486901344,3530958451058409472,0
234911747,16148079698724788672,9079802221578682368,0
2013526031,16172639030373783600,6972080214453485568,0
129039,17325982786201858144,8125054495617974272,0
1006759948,6931462889442643552,4431678374385025024,0
1610866689,13842236517694050368,4828307417391824896,0
469889028,6924707077694164192,3675214380917587968,0
30723,17301915812304273376,18303684416796360704,0
402716678,2319566576582137888,7025830931298582528,0
469817351,2312810352440248352,2414171300344889344,0
126991,17321056929011478640,9187615918719500288,0
2013523996,16159409156679014448,8124773012051329024,0
201455630,6933785062363896928,8178814016878018560,0
31747,17301775212254597216,14051785007362473984,0
234908678,3472487256555001952,7134185609903472640,0
268492804,13848850896111798368,2414004170819371008,0
805560329,13854060936421453840,13853497981837344768,0
251722759,17309798211163789536,7998947107102785536,0
402780174,16168067261025097752,8124579497736404992,0
100691971,13842799493368518848,7134247182554628096,0
268550159,13870948051960863768,4089391610981253120,0
939651079,16149769600832911408,7026176177949638656,0
402714631,4617597834803284032,2522253293355270144,0
201357313,6921047885808666688,7062198384609722368,0
15873,17302196887799994752,8935669456349167616,0
16391,16156876425335803952,8611014428927721472,0
251689991,3472488081188991024,14088381152381370368,0
469825546,2314991504337672256,7133974503670939648,0
402714631,16149205014447392832,7134185628157870080,0
1006761996,2333077366873790512,7026173987247882240,0
469882886,2319495378909009952,4720207832731877376,0
469792771,16148079664363477088,7458519550938578944,0
402714627,6924707490052970592,16249546024102658048,0
1610735628,13862503544911564816,6935815013978341376,0
61455,6949268636310050864,8196828406260695040,0
939653134,2319566570239963160,16195505027597467648,0
402710535,9232098749035584352,7134255979721392128,0
1040316430,2319566851476822112,7170289174786867200,0
1610866701,13844488042561673248,3494931853331136512,0
4161146888,2314921131297343512,2324075119346974720,0
402714626,4614219482224657536,1585390220579176448,0
402771972,4620975268253143104,4683884360154611712,0
1610727431,9230690850131938880,3675214380917587968,0
939569153,13838717530679019616,6989810930104139776,0
201357315,3465731852752916672,14268371221954428928,0
201355267,13843924955186601152,7350428760761434112,0
57351,13850118628890259504,8196830601525854208,0
134281231,16173201430470729760,9260251889696505856,0
15363,10383260880460067008,14700839899272052736,0
671215631,16154623532352673840,7026174003890880512,0
268492807,13849836324817209440,7025769366968991744,0
469823495,13851102979409057840,7026176186539573248,0
268468229,9228720619792107552,2414100931600711680,0
939653124,3472382519449227360,14051785006288732160,0
201357315,3466857885886853216,16069951808243499008,0
402681859,16149205014447397056,7422486371979231232,0
129031,17307581314400794736,16645858391654137856,0
1879171087,4639130936825876512,7025874911495192576,0
15,16176863371329288304,9187901791742722048,0
33618951,17311767573927041120,7422486371979755520,0
134477852,3485892770723008624,14051785024542343168,0
402714630,2319565751948417056,6989859316668825600,0
939782156,6931463976119966768,3585144587393433600,0
4398851915780,4616190451330321472,3675069237329657856,0
98319,13853497977878745144,7043906896285138944,0
469825539,3465731857114206240,14052101709660946432,0
201390087,3474739056368949344,7170289173713125376,0
939651084,4638850007444107288,8124773005340442624,0
11,16166096661344170000,8124630067218219008,0
253967,16168134874648424464,4665885352660041728,0
805429255,13852932549628139552,7025892503144366080,0
1100417649667,3465731444747013152,6990140790571794432,0
805433357,6944693025147459616,2342151090507612160,0
251726860,3467984481562398912,5044576955454717952,0
469790723,16148079114540551360,9151587128142987264,0
134246403,4618863931033127008,2378050152939520000,0
234911746,2310487904776360000,4684051491827220480,0
469813260,3467984481561612320,4684192229315575808,0
536997900,16154553163608496160,7025769366969057280,0
469862412,3472488356066629664,7026173987247882240,0
234945543,10393289246810320944,13944265981485383680,0
117472259,17301352862315982944,14052347973422022656,0
872527876,17308109079981600880,14088376754334859264,0
201357315,12689103344162838624,4828166697083469824,0
100695043,17309797936386289760,16645862781110714368,0
57357,16158986935757844496,4720330961391190016,0
805433375,16173483455437748272,16267562638815657984,0
100677633,11536112016256667840,5044576972634587136,0
503379975,17301071387373082720,14340578349573734400,0
114703,16172640673299050512,7025894702167621632,0
805433348,6926678622342748256,6989859308078891008,0
805380100,4616471385107072064,1225093451612160000,0
402710535,13852932566808008800,13944019726045806592,0
939651078,13851243854345800800,4251534390900817920,0
134246403,16157931962941321264,16267560413485334528,0
1073963032,6935757835414673424,3566987245393018880,0
469826563,1159747560588974144,14268511991655038976,0
258079,16168982054834026544,16249546023565787136,0
268492803,9227313201943676032,1297133457222270976,0
16809475,17310923011557955680,14051714655798951936,0
402714630,6931462601730431024,7026173987247882240,0
8797972144140,13844911346016586848,4287563186309169152,0
805429252,13848850887520815200,2414144912602693632,0
1610872856,3476852584005507120,8178816207311339520,0
201357313,6920203469434390720,2450398016973045760,0
805429276,13867007140277262368,2341983960445288448,0
234911747,6922174202376884256,13943597478415695872,0
469823494,6931181122458490912,4720330978034188288,0
235080732,1756512710822473824,14340569553480712192,0
201390083,16147798038995015728,7026173986711011328,0
1,9227312978621630528,2450046160367255552,0
402716679,17301916018486818912,13907986495816073216,0
3355652120,6944762846249752688,9187620323208462336,0
469825543,6922455690172176448,7133904134926761984,0
134281218,8653773066139603136,14844409729580531712,0
469825543,16157721123029921904,14376611545712951296,0
61446,4048843271752659040,18303156651215028224,0
234944519,16157157099201894624,18375240665744277504,0
234945543,1742999715064852576,14340015380292960256,0
469825543,3472346510493358128,13943579886766522368,0
201355267,6924707627441593536,7422486354799362048,0
939646983,13851806666918992992,8323210679393714176,0
2199493023745,2309362296878012480,17150252751679127552,0
805416964,2319424730924584992,4648150238693949440,0
402714631,13851806701213716416,4539901109715599360,0
1879175180,4625620962611304480,7025892503681236992,0
2080503820,2315062976921219120,13943703014888964096,0
15363,1736244038497480896,9079467955011452928,0
469764096,3458976195680932032,14268511959442784256,0
536993799,13843784630015626336,3566963059090096128,0
1006761996,3472347337257791504,13961719612421701632,0
122895,13870386476481257520,18410987955574276096,0
805404678,7882158392740928,3530905674500276224,0
402911263,16172641495701265456,8485060982240968704,0
469825543,3465590569819707488,4828193084289056768,0
134277124,1166539510403313760,14051784998772539392,0
1006696454,6933503570206267440,7026174003890880512,0
402780167,16149205018742361280,3675174807089381376,0
201353219,13837591622181718080,2378050142738710528,0
28679,16157861037998485520,13871645411724230656,0
2013526040,2333007006720071728,6971851507444482048,0
939651086,16172920507632334960,18411273828597497856,0
201355267,4614219722732340288,3602967669269069824,0
28679,16158846956230553648,13943703014888964096,0
1879187480,6935968950237540400,4648143641624182784,0
402780175,6931462597435201568,2414208684545540096,0
100674561,2309361884552759872,7062119219772522496,0
63495,17311486064607370352,7170289175324131328,0
1073901576,4620834513550313504,2342014747307900928,0
63495,17310923211274066032,17258347958156394496,0
536997894,16154623532352673840,6971789934524891136,0
100678659,15572357622794563600,13944261565185261568,0
402776079,13868698296669452336,16196067994999193600,0
939634692,4616331188800850016,2378120513093369856,0
536985612,9232661286645924896,1261082666212524032,0
503347203,17300789912396109856,13944265981485383680,0
402714631,4627871680094017632,7422204872306458624,0
61446,6927030470459535408,13943579869586653184,0
61455,17311768536016492592,16394224178774933504,0
67160069,2319565477003401248,7025839727123103744,0
1099746539523,16149768617246334400,9151868603119697920,0
536903686,9228720903279346752,1945616612748951552,0
1040316431,17325560812140370032,9205916206358331392,0
1099712966657,13838717659496057216,7782747938857418752,0
402714631,16158847186029526256,18429853409369653248,0
402714627,4618863922409114688,3603143591129513984,0
402782214,3474739193765957152,4107559945145221120,0
3221323783,16149838406167039088,4575934300486107136,0
31747,17300791007613825120,14052312772943806464,0
469825551,8084455574727307312,13944002092789137408,0
8450567,16148079526907746528,9151587121700536320,0
234907651,6896420448110656,7350419964668411904,0
126988,16154624631864301616,7170007686925287424,0
24579,13843434010409971760,14376607114380443648,0
469823495,13849414155321216192,3675209982334205952,0
201355267,16149205564203207744,8575407859406209024,0
67168262,2319565477070510112,6990140790571794432,0
201388038,6924425997845006432,2558321681382768640,0
939593736,2314992054127038560,4828166678829334528,0
805363719,13840547667782404192,4575934305854816256,0
201355267,6921329377964723392,7350428761835175936,0
1006694406,13851243716898461792,7170289175323738112,0
61447,17300825090326010336,18375214245252956160,0
134248451,6924707477099909216,4684051509007613952,0
100677633,11532733921424313536,7134255978647650304,0
402782223,17329501590553762840,8196804226131820544,0
268562447,16168135426417627232,4684196627362086912,0
1006761998,8102188498226516064,7422486355873103872,0
100677635,17297974818982337760,7999510074236076032,0
201357315,11531889487897431168,3891373967281225728,0
1543723035,2323928880475541520,6935761137774362624,0
134242307,16149205551317257440,9151587123848019968,0
469858318,17327812609807497696,9187897409802338304,0
402714630,6924707490002635872,2522235709759291392,0
402780166,6922455690188950752,3963440357412175872,0
939782168,16168911136300470320,6971789934793392128,0
503445518,6931463701208510512,13871594843316158464,0
2199425921027,4618864480838752448,9151587121700536320,0
100695043,12689103636271739840,18303719626938253312,0
129039,16168137080114524208,13944265982022254592,0
939646980,13840406956066475200,3891382764447989760,0
67140611,1161437106317824096,13907405953676607488,0
6145,17297834072911644768,7926880732004220928,0
1879302156,13848851179596418144,1261120049876303872,0
1099578750977,2308235967473387584,7062189586369216512,0
63503,3490501921452863536,9278538967089676288,0
134238211,16147797489238935616,2378067745125171200,0
134344719,6945818409624670224,4630124845336854528,0
100678657,17873731815132896480,9079802238758551552,0
671162372,4616471660001757248,2450107738387120128,0
805384204,6926678626637715488,7025892503144366080,0
268562439,17309797111667890224,6954083407861514240,0
30735,16176299854439133232,8755276955319795712,0
537116696,9277840769287987248,13889380534817128448,0
268689433,16196284571342745616,7025894694651428864,0
1610858523,9252365634594670640,3512946251840618496,0
268558349,13844489146402607120,4630124845471039488,0
234912771,3465731857113944160,5117206312718958592,0
201355267,11537237503863429216,6990145189692047360,0
1879175172,6926958997808877664,7134255979721392128,0
61455,16172920505484851248,7043906902190718976,0
268496903,16148079526857411680,3675209982334205952,0
234911747,8077699367699230816,14917039101877157888,0
537131020,3485998321826017328,13943439132098428928,0
939585537,6921329377931692128,2522569961294004224,0
402780175,17321056928910284848,7025892503681236992,0
1006737412,2319495383137912928,2522288477727358976,0
32783,13852933911133171736,16195505018470662144,0
234912771,3465731852820035776,14844972711746207744,0
268558351,13862502977975883824,6953993247908102144,0
251722759,17308672036478660640,13944265982022254592,0
28675,2312810352507367520,18375214245252956160,0
469817359,6946099845947461728,4828412987687567360,0
2013394959,17328094101982952944,9187901807848849408,0
402913311,8133715344885035024,6936087701317812224,0
129039,17321059136658356336,9187615920866983936,0
939628556,3481353986857381912,4665955717109252096,0
268484614,9228157961914289184,3567075213302562816,0
201355267,16147235119156435136,14268511957295300608,0
1879293983,9287481824211508248,4593810160262053888,0
201390087,3474739881103077472,4720199036638986240,0
536997903,16152232156939563056,18411273843629883392,0
469823494,6931182501143255088,7026173978657947648,0
469823494,16154624631864307744,13907599450542440448,0
33586179,10960706378519812192,14340569547038261248,0
122895,17327812603229378608,7025857319309148160,0
402913304,2324071825577619504,4648143633302880256,0
939585542,6931181397269284896,2414382415704227840,0
536985607,13848851179595369504,3567127989860696064,0
1006761999,17309798211163527264,7134260378305167360,0
14339,17310923148997701856,18303719601168449536,0
274995359747,16147798034750115936,16069951778178727936,0
402710531,13842095359214486720,1297168637299261440,0
134242306,13842095359216583872,1297159841206239232,0
126991,17328797900956506224,8034975901974265856,0
15,16172920986403616880,16681887188673101824,0
402714631,2310488196767549504,2522094963680870400,0
469891086,6931534070120462384,16394224178774933504,0
15363,14996496106576949728,18375214245252956160,0
419480582,1157636768914739424,9151859813469126656,0
234912775,8085018558907035744,14052347973422022656,0
134246403,4618723330982677536,3458900857020481536,0
234945551,3492754279512158320,14087818220144689152,0
100682755,3465731303012829248,7134247199734497280,0
201390087,16147868536588213296,7026103635147620352,0
469876748,1180016774146695216,14087818190616788992,0
939651078,16148079513971723312,3567127998450630656,0
402780173,16168416897233465360,13889538873081856000,0
1610727439,16158635070413868256,1945621013479817216,0
939646983,13849414155321216192,3675073639134265344,0
470022175,3522029326458167344,13889538873349898240,0
1610739727,16154624898151749648,3477058196739194880,0
402716675,3465591257014474848,4828166696009990144,0
134279171,16145546234869319776,7134150426605387776,0
234911747,16147868407738931296,7170289174786867200,0
268496896,6922173373380823104,144405468810182656,0
805429263,13848992741768829024,7133974496154746880,0
253983,17329219847116823600,9187620320524107776,0
134246403,13838858405581163584,3603143599719710720,0
127007,16172922698031575088,7026173978121076736,0
201355267,17300649174908014688,14340367277700939776,0
2013466632,2333076825809096736,4864041537241088000,0
402782215,17310924111069583408,7026173987248275456,0
421951,16208950951771117616,9205496176810393600,0
268496903,16149205564211596896,3711243177936748544,0
939651086,16154624631864301616,7025839727123103744,0
268558347,16159127673111842832,6935690769030381568,0
134278151,4051235811235741680,9187620316766011392,0
67139587,16148994303402193120,9728892365506084864,0
805564430,6931251761735145488,7043785956180295680,0
939651086,16168419104847048800,16249546015512723456,0
805564431,16173483730181822576,7188303573833482240,0
14337,17302795619199094880,14052207235934191616,0
234937344,1171042560240791584,14051785004141248512,0
57358,16168137071389968408,2287859397029789696,0
2199425961990,4618864480771643584,7926599231257706496,0
2199493081095,2321748282529558640,16681891578129678336,0
402714627,13842658352153758912,3891382764447989760,0
4398449225730,4618582438875498528,2378173286430277632,0
67172359,16148924072046628448,2558321672792965120,0
201391111,17301845593902553280,16574363764749500416,0
536993799,13842095230399548512,2378054551522902016,0
134234115,4614360460220697792,3603143591129513984,0
201357319,17305505455875567648,13944004298254843904,0
469882892,3485998880037541936,6953834909106438144,0
805433359,16173765001281943608,7053198883815620608,0
201355267,13843784861954351040,9151868611709632512,0
469790723,13838154718164552768,2522569960220262400,0
201437190,13852369616805301440,3675069244845850624,0
61455,16174996372565925872,4575709997966557184,0
31751,17311698162977354800,10431354918848692224,0
402714630,4616612706729859264,7350138481101766656,0
67121153,13836465584795026560,1441415769991675904,0
134279175,16154624623273840656,4648150238694080512,0
134478863,17325419788902340656,7026138802875924480,0
1610870799,6944624299328548912,14394062965277982720,0
939782155,6951517968631863392,7026050841945964544,0
469889031,6933433214280669280,7134255979721392128,0
469817348,2310487629848120320,3530896878407254016,0
1879308296,8097578787136606256,4720225424381050880,0
2049,17298256289664080064,9079802215136231424,0
4398986162190,6931463993317661808,9187620324819075072,0
2200029949958,13853003051516172304,8125054478706540544,0
201355266,6922455140415834176,7061837744795811840,0
503379975,12698112398894577760,16357628016576167936,0
268492802,13842095359214486720,1945686983640612864,0
1006761999,13862503527865921592,13961719612690137088,0
234912771,17301915966941706688,18303737225566748672,0
134346767,17309797936420108528,5116502660711448576,0
1,16147727661644122144,7061908098507603968,0
234911751,16157086726162487392,7170289174786867200,0
30723,17300649166318082288,18375231837439000576,0
402714631,16156875332166357024,13944002098694717440,0
402690052,2314992054125989920,4684025097106096128,0
201455647,17321059134477185136,16249546024102789120,0
201357315,3466857757021050976,7134185627083341824,0
30,34904033198477296,2161727821137838080,0
469891087,16158001644406840416,8323210679930847232,0
503417868,1162035910608171040,13907986494741544960,0
7169,16145264467865767680,8936232402007621632,0
1040317447,17309798348753746144,18375803650057437184,0
3489914911,13870947828626103920,9205636922620248064,0
201455631,16176790803594358896,18411273845240496128,0
201390087,3474739056368949296,7026173987247882240,0
268496899,4618864480788944960,2522464408178130944,0
28683,16174892747990642704,6935822705862115328,0
1879261209,13891215624757325848,6972132991011127296,0
122886,16154553163607971888,6953984451815014400,0
268496902,16150120482581782624,13907551072567820288,0
67237903,17329784858755217520,18411273830744981504,0
234945543,1166504328178184240,7026173986711011328,0
234907651,16148641952826396032,3891373967281225728,0
201357326,6933715926224736480,14051785007362473984,0
201357314,3463340410733598752,6989828522290184192,0
234911747,6924777845912244672,14844955117412679680,0
100677633,13839280643816557952,3891373975871160320,0
201357315,13843925367554316352,7350419979700797440,0
7,9232872923474571312,9151419995933114368,0
57351,16158847024949901424,18411269443435888640,0
14339,17300649166334603296,9296564327966310400,0
2202446207000,3485998880087874608,4089407001996558336,0
134279180,6944974513009854560,2378124911676817408,0
268564487,3474633496809707536,4666017319825965056,0
117472259,3465943010610518464,7783310901695741952,0
939601928,4629842262594687008,4647859959034281984,0
469817350,3472488081190031456,4828307417391431680,0
61443,16158002744002355312,17222319128925175808,0
268693535,6971785541512335408,8196830598304628736,0
469823491,16149205014457355456,3891382763374247936,0
469815302,4625478859325708480,7133974490786037760,0
201391118,1180016776294314032,13943703014888964096,0
805380108,13844347296483903552,2377979771846918144,0
67110913,17300789908035082432,14267948990162010112,0
2013392903,16157931275645884528,7170289174786867200,0
805429252,4625619588154398752,2414171309471694848,0
31751,17309657473674385456,7170284776740356096,0
805429252,13848851179596418144,3530905674500276224,0
268693518,4639131486615242800,3512919863561650176,0
1610727437,9233224228009938016,1261120049876303872,0
30734,6944762844235968560,9332316080267329536,0
805380100,4620834513617688624,6953705167539666944,0
1100015007747,17300789912396372064,16394219779654680576,0
234945543,17309798224048437472,14340578349573734400,0
3758587935,33497231730154736,3711245372933275648,0
469825542,6933714689307711584,7133978894738128896,0
503446542,3472347609988601904,14088381169561239552,0
100694019,16156875619929960544,14916476134743867392,0
201357315,6926395927547611328,7350419964668411904,0
2080577560,3476850387230003248,4720260608753139712,0
122892,4620835613128790064,4666012896814628864,0
67172359,6934840589231332576,8323210679930978304,0
268564495,17307405392506400784,13889662018383773696,0
234911751,17310079411395768416,14052347973422022656,0
805564428,6944622649926889488,13871381555240632320,0
1006759940,2319565751948417120,7025857319309148160,0
61455,16158847237685526000,9187897393696210944,0
8194,13839843430587960448,2738452460526895104,0
25607,17878095106812951776,17222319143957561344,0
28703,16170389429717579888,16393661203588579328,0
7168,17297974750261811264,14844955117412679680,0
402714631,16156804963354548272,2342098313949675520,0
134246403,4614219585295485056,2738382102520135680,0
134248451,16147798189328047296,7350419962520928256,0
14339,17309657198930702560,16069951778178727936,0
268496902,4616612406147682400,4720621267359694848,0
402677761,13843925367554322496,14051714638618296320,0
122895,13862294070900830304,9151587121700536320,0
469792775,2319495104032149568,14051785006288732160,0
536993806,13848992724587911200,7025839727123234816,0
67139587,2312669606361169920,4648150255873818624,0
335607815,2310558277815507040,4684192246496231424,0
15363,17302760344607797440,14268511957295300608,0
402714630,6922526063228099040,9151868628889501696,0
4161269823,16204375333997910064,8124747723284119552,0
122887,13851807753528162800,18411832380504408064,0
402710535,13849414129549839456,3567112596966440960,0
939601932,13844347287893444640,2342087318564765696,0
8796898361344,8444575770217568,3530958450521538560,0
67139591,17310923011574732896,7170289174787260416,0
469823495,16155961650889363552,7133978894738128896,0
503380999,8086707666465339616,14917039101877157888,0
402716678,17310078586627823648,6990035238529400832,0
469825542,3474740155880585264,7026068434131615744,0
35187593768977,6935757835414548528,4864441766452920320,0
3758350360,13862502973680914480,6971851507444482048,0
2199493081091,6925833596082591968,7998947107102785536,0
939646982,13840406406283396800,3675056046948220928,0
1610735631,16154625037738055704,6971833914990002176,0
234911747,6924707490052970720,5116643346659409920,0
402710534,13840406371932047424,2522288477727358976,0
100727815,17311205723502032992,14088381170099027968,0
939573255,9228720903277774912,2378177688234885120,0
201357319,6924707490052970688,7350428760761434112,0
201447438,3485859785508007984,9187620316766011392,0
201351174,13841955029831260176,6954116393209954304,0
234912775,12690229793875833056,16069960606484004864,0
268562439,16155608688328316944,6972001066528145408,0
100695043,11537237521043299520,7422486355873103872,0
134346759,17302760374621969504,8034980320422658048,0
469823495,2319496203510222944,4828412969433956352,0
251688961,9226750148951673952,3603143591129513984,0
234911746,1157496035687805376,10233269129050062848,0
63495,12696986292828508208,4648150238694080512,0
469823495,13848991899887081568,7170289175323738112,0
402782223,16154905295111855296,7134260395484905472,0
122895,16158847162388977712,16393663411201769472,0
201357315,8077628994661914816,14268511959442784256,0
201357315,16148079114548942944,7134185609903472640,0
805429256,13853495774425911392,4684020697448579072,0
114703,16154624634146009136,14087813803307696128,0
469809158,6933503724758768736,3675214380380717056,0
201455619,17302478762256635952,7026174004428013568,0
12289,16144419926957627584,7926581634776694784,0
469825542,3463480057250191392,7134150426605125632,0
268562436,6931181397269284960,2378050152939257856,0
14339,17308109086391017504,9440521251866017792,0
469823503,16173483455438139504,18411836811836915712,0
1073864708,4625619605335312480,2378177687698014208,0
33561601,16147798051896963520,10089153889434599424,0
805433359,16154624631864301616,6954116393209954304,0
939651087,13851806701280827488,7026173987516317696,0
31747,17300649174924793952,7423049302605299712,0
14339,17302761491381631200,14340015382440443904,0
402677763,9230972307921439872,3891373967281225728,0
201390087,3474739056318614624,3675174806552313856,0
402782223,17327814525361469488,8629457653615034368,0
201388039,6924707490002635872,3711238787943104512,0
2013392902,6931251770325473376,7134255978647650304,0
536932359,13840406964705171552,7025769366969319424,0
61455,17325562725514221616,3711243173104713728,0
1006759950,13849555691722258528,16393661212178513920,0
251722759,16158002606462744624,16249546040745656320,0
469825539,16148078977101597792,7134185610977607680,0
503330817,16144701414828415072,7422486371979231232,0
129039,17325595721634428976,16249546024102658048,0
67115015,8088115230460885232,18411273843629883392,0
53255,17311767573927050208,18374950362462289920,0
67139591,17309797936251285552,13944265964842385408,0
469862408,3476852584105775128,6971851499122982912,0
402782239,17347938336828039216,14087818220144689152,0
4161222680,3485857586384082968,6971851507444482048,0
61455,17329783065639532664,9205634715275493376,0
402665475,4619849093451615296,3531094794795220992,0
134344718,16156523827709873760,4143527169513160704,0
1208217631,16159340987092318256,8125054487028236288,0
8523347983,16176861687767244792,4593952003838705664,0
2013523999,16208951518674303088,9205918397328523264,0
33586179,4042051871861905600,14268511957295300608,0
1006746636,1162000726269628512,4828342600689778688,0
2199493074947,16148642648611625184,7422486347283169280,0
0,4222657278512320,4539628424389459968,0
67124225,12685725502684007872,8935669434874331136,0
201455623,16157086726179265728,8575126385503240192,0
402714630,2319565477070510176,7134150426605125632,0
1099712983041,4614360331405236352,7782747947447353344,0
3758579736,16204164219175050264,4089407001728122880,0
201355265,16144701397640157280,5116643362765537280,0
939651077,16150331038958622816,7134150426605518848,0
402714629,2314991504336619552,2342016949820653568,0
403173388,6926748986758270992,4629844470005989376,0
1006761990,8084173000071188576,14340578349573734400,0
201357315,3465731857113944128,14340569551333228544,0
5100400647,13839984717830031456,7422490753919614976,0
201357313,2308235984653781120,4900303487096586240,0
258079,6951519205649029136,6971997747457540096,0
67139591,10389876364865310832,5116634547345162240,0
1879175175,16149768381011860528,7025892511734562816,0
402714630,2319565751948417120,7170289174786867200,0
805433359,16157086730457716832,3711243177399681024,0
234900481,3462353745026226240,4828967140474224640,0
234909699,16149205014447397056,7350419979700797440,0
805355527,13851102979393329376,7998670022656393216,0
805435406,2337439679357653024,13943632645607915520,0
402710535,13842236517643717728,3675209982334205952,0
1610866715,13862505177133357080,6971851507444482048,0
3222265880,13862503527765252144,4305720528041148416,0
805429252,4625619605334792256,7133921719596613632,0
15363,17301915966941698496,17150815695190097920,0
268492806,4625478867846958176,1225062665286647808,0
4398986084358,4627871684405758176,2810518849584103424,0
114703,16168134872500809752,4629962104730812416,0
805421061,9237164886341457952,2414153708695715840,0
805429253,13848991917135108144,7025892503681236992,0
201390083,3466857344653593696,7134255996902047744,0
469825543,17311487198479792352,17222882112164593664,0
117453827,10384949872062640224,9440661954994634752,0
805369859,9230409486899351600,4666228408877842432,0
268564493,11556451053029564464,9260258486766403584,0
64517,1162035912755130400,13944015292834250752,0
805564447,6947298335230013552,7026141002167681024,0
1006761991,16158212626019257568,8322929204954136576,0
268562447,16157649710425312352,3567075213302693888,0
201355267,4615345622647573696,2738733946241024000,0
671215630,6933433334547089440,3566934475814273024,0
201390087,16156875606993672288,7422486354799362048,0
100727814,10383155325196054560,14340015382440443904,0
402884616,1171009574825369632,13943430336005275648,0
939782156,16168419104848097376,16249546024102658048,0
268492807,13839703225655625824,2378050144349323264,0
30727,16154835750948974624,13943434750695047168,0
469823495,13839843980392011872,6990145190228918272,0
268496911,16176298480083277848,8125055595129602048,0
67172356,2314921681087107104,4648141442601320448,0
201357319,17311770992887742448,18411836810763173888,0
30727,17307546404906088560,16393661211641643008,0
469825543,17310079703337154672,9205916207163637760,0
805560332,16168135422290302992,6971851507444482048,0
3087151112,6926677527059236912,2341948776073134080,0
61445,16151246923519897616,4629979709533323264,0
201455631,17310115027431997408,18375240648564408320,0
402683907,11536182380721604640,6990017646343618560,0
1006696455,17307405392539815984,4720330978034188288,0
805429260,13848851179596418144,3566987248077373440,0
469825542,17307405390392334368,6954116384620019712,0
268562436,13840406406308561984,1261082670507556864,0
201357315,6924425465270114368,7134255978647650304,0
402714631,16157086760541101248,3963440359022788608,0
116751,17329782790627407984,9187897393696210944,0
134262788,6926677539977957440,4756241026186739712,0
234904577,10379742035178948672,7062048868208214016,0
469825543,2322944551180578864,13890189784233541632,0
805363715,13842095367804947648,2233917359792324608,0
33585159,17309727838123331680,13907986495816073216,0
201390087,16157087825674115168,7134185610977476608,0
100781070,1180052510321547312,8106756409955188736,0
549873280003,1159888843605284928,7350428761835175936,0
402716678,2314921681220804656,4720330968907382784,0
536993807,13852792061200698592,3675214380917784576,0
939651084,4621115988527024160,2414173500173451264,0
234911747,16147798034700835008,5621037722790526976,0
939782159,16149275937309727984,8611441055545819136,0
1006696454,8075165817929990240,9440661956068376576,0
234944519,16156875607044272224,14052347974495764480,0
1,17302760374672044256,18303737193354493952,0
469889055,2321676807830902832,14088381151307628544,0
268562446,16154835738096834664,7133974488638554112,0
469825543,16154836025860430048,7133978894201257984,0
4161220624,6935685276103350320,7025894702972928000,0
201357315,16148079526840637504,7134150418015191040,0
402782236,8097686547866071088,8197112075965693952,0
67140615,3474599411949252656,14088381169561239552,0
1040312332,1162000726235811872,4828201880381292544,0
100695043,1159782736371128384,5044928850716786688,0
2080634904,8133715344885035056,13961684445497917440,0
61447,17309692651569950768,14087813803307696128,0
536985615,9241105870971997376,3675073643429429248,0
100677633,11531607884052830336,5477467892482048000,0
117472259,12689103889674803392,18303719626938253312,0
234911747,6924707490069747808,7134255979721392128,0
234912771,3465731303013357696,4901007174538362880,0
1006893070,3472488074712592432,13961719612421701632,0
503380995,17302478826686126432,14340578349573734400,0
805421060,9237305881476467744,1189062455838375936,0
234912771,12690229793875832928,14340569551333228544,0
549990726663,10392128437409820912,18411832410569179136,0
805429259,16159059503525146640,4666166827636752384,0
407601,12738505355232030728,4638919830391488512,0
1040447518,17361873023314704496,17402469728001196032,0
805433359,17310079404785545312,18375240648564408320,0
7,16158776404916711472,14376035368334000128,0
805404677,16151246923553312816,4720330978034188288,0
234912771,1157496301941430304,4684227430867533824,0
402714630,13842799501958978752,8286900399344975872,0
234912775,12699238024070574560,14917039101877157888,0
402913310,3485858136139896848,6971789934793555968,0
30723,17300789912397158496,14844972743958462464,0
2199962836998,13848991625076283440,7043909096919007232,0
805429254,4625619880229997664,3530958451058409472,0
402780172,6931181397286325280,3566934475814404096,0
402780173,16156594956700749840,13961719611884830720,0
402714631,6933434438412672048,7025839735713234944,0
536944648,4620834513550313568,2378032547868180480,0
28679,16176861447217230048,18375240637826990080,0
268496903,13842095221775533120,1369208643983114240,0
201390083,6924707490002639040,2450230892279365632,0
122895,17325278641344884784,9205916197768396800,0
134246403,4614219722765896768,3675174797962117120,0
61455,17328797763651378192,5819211477814345728,0
2013394950,6924495821129652448,8034975905195491328,0
201390087,8086285153351766048,4720207849912205312,0
402714630,4618863922442668224,3315194696396963840,0
201455623,3472488081189769312,5116643346659409920,0
939626502,4625619863049079840,4287563187919781888,0
234944519,3474739056368955488,14052347973422022656,0
1879302168,13849554867021420640,7025841926414991360,0
536993807,13846739825262598176,2342089517856653312,0
14339,17301915949759993952,7134255979721392128,0
805433351,13852933425804611680,7133868951628808192,0
1006639112,3485859783293804640,14340015371703025664,0
469878796,3472346785320800272,4648170029903249408,0
24579,13838999151651587200,3891338791499333632,0
57359,16169120037066911760,4666006298402226176,0
33586179,12686640704421113888,9440653156754128896,0
134281222,3472488081289654320,6971851499122982912,0
134246403,13843221121699154112,2522288478264229888,0
28675,16149557251206813808,7422486371979231232,0
100727815,12690229948445105376,9151859830648995840,0
503380995,12689103893968722016,13907986530176860160,0
201422861,2319565477070248032,3531046416283598848,0
402714630,4616330913990051936,7133974495081005056,0
2013526044,6944763385301176336,6972132991011127296,0
805412870,4625619588154394656,2414206484716978176,0
1100014995458,2312810352439990368,5116634564525031424,0
805421068,13844489124927246384,4648141440453836800,0
503379975,2322028670880323776,16573792018703056896,0
117471235,7178501065545824,4828342617869647872,0
805363718,9228720353487883328,3675069244845850624,0
201390087,17300790049785781472,7422486373053235200,0
469841932,8084174099616370744,7476533966627930112,0
6443483199,9279386686864103448,4062386503878180864,0
1879302159,13867570365109640304,4575934306391687168,0
402714631,13840406930278324256,7026050841945571328,0
536985615,13867572276503527408,9205493977787138048,0
469825543,17307546411349061664,13944265981485383680,0
537128991,16168416905723123760,6972116498336907264,0
134279183,13870948051960732696,8097684344212127744,0
67139587,17311698248860711008,16357557665012121600,0
402714630,4618863931032603840,3603117203924320256,0
939651076,6926677522764007520,2378067736535236608,0
1006893086,4640961215698049072,8124774111697174528,0
402698242,4616471934896445632,7350138481101766656,0
24591,16174752558076928048,9332019186358026240,0
402776071,13849554579324934240,7025892503144366080,0
470013976,2333076817084422192,6953782133085175808,0
134246402,6922174202326292576,7134255979721392128,0
402710535,13842236655084772800,9079802219431198720,0
7,17311803441299331104,9151446384212180992,0
2199493054470,4618864480788941920,3711243177936551936,0
12289,17307405392674697328,9151578325607514112,0
402780175,13844347305141475424,2378116115583926272,0
469825543,16158282981928867936,7134255979721392128,0
253967,16157157906789052528,16249548223394349056,0
402714630,13842658180352969824,3675209982334205952,0
402714631,6924707627441589344,3675209990924533760,0
402698244,4616330913922943008,2305988150654271488,0
1879302157,13862503540650153984,3476918554467500032,0
201355267,13839421355568139488,8287177484328239104,0
469891084,3486000529439207472,13889600446001053696,0
134246402,13842095771548129344,7134150426605387776,0
805363719,9230690712684594240,1225062669581549568,0
268488710,6922455690188950624,3675209982334205952,0
126985,16159129883007266848,9151587121700536320,0
1100015007747,6922455690239283264,14340015380292960256,0
469823503,16158213854448327872,3675214380917587968,0
63503,17310924111069581408,14917039134089412608,0
469825542,6922244571053951008,7134255979721392128,0
32783,16176861429902481456,8340945793896677376,0
402708486,8084174099617157216,7134260377767903232,0
201355267,16148079518266955968,7134255979721392128,0
469891084,6931462889443691616,3567075213302562816,0
90120,4620834517912655904,6953702968247975936,0
8193,16158002529257795696,9151578325607514112,0
939634700,16150332155616833632,13943698616305582080,0
33582083,1170021946994724928,14844409729580531712,0
12291,16148994445136376800,18303121466842939392,0
100678659,12690511423488923872,18303737223419265024,0
402714631,16148078977101597888,1369226235632156672,0
939634700,2333006456930709536,4648222806461382656,0
229407,13871019812358729776,13943705214181113856,0
253983,16154905007295299600,4665735812905631744,0
134279174,6931181397269284928,2378050144349585408,0
15,13870948275383054352,7043906894137655296,0
201355267,16149627252683836864,2738452471264575488,0
1073963020,13848991625025948704,3566989447369064448,0
100694019,3465731302997104704,14268511957295300608,0
201357319,16146953626950569152,3963440358485917696,0
469815302,4616612680958478432,6989740569413025792,0
939651086,6926748995382155312,8178816207579774976,0
402681858,4616612114021746720,2305996948357775360,0
1610872847,16154624906758986800,8197112089655967744,0
14337,16145053237031733440,5621583102032740352,0
536999951,17307827613729568880,16394224179312590848,0
268492807,13842095367813334080,1369331788748685312,0
503379975,16157086726179264608,7422486355873103872,0
1044543,16208951795750157424,9205636922351812608,0
268496902,16147868407739193440,7134255979721392128,0
268558340,4620835059178811408,4666158040402100224,0
402683911,8084068540023582752,13907669818212876288,0
402782223,17329782917476137056,16393661229358383104,0
234912769,10378615997816639584,14340569585692966912,0
201355265,13843924980958501056,9079802219431198720,0
402780172,6931181122458490976,6989740569950289920,0
402714628,2319566572286908512,7134255979721392128,0
469823491,16148642648611626208,8287181882911621120,0
469825539,10384246040731457584,14087607113375547392,0
14342,12695719371931922528,18375231837439000576,0
234944519,17311204641173421536,18375794819604676608,0
126988,6944763387415236624,4738345366343122944,0
201390095,16168416347477520432,13871383737084018688,0
2199425966083,13843784767454579808,4575934301559848960,0
8797032607748,6931252595009525808,7170007687998996480,0
67164166,3472488081289654320,14087532319741050880,0
201390087,6931462601730431024,2414083348541931520,0
536985607,9226468725483373760,1369226235632156672,0
201355267,16148923522290814048,8287177483254497280,0
2013523992,6944765593048725528,6980859806345068544,0
805560347,13857438627552571440,7044190584780619776,0
57351,16147868401346549872,14340569551333228544,0
402677763,13837591622148687936,2522499592549826560,0
100677633,17297974750273343360,8936232436367360000,0
201357315,6924707490002639040,7134185627083866112,0
268492807,13839280643817604800,2161859770049495040,0
55301,17308109086424576096,14340578349573734400,0
14337,17302478899713151200,14844972705303756800,0
114703,13862291863287246864,9187475181231144960,0
268681231,13842658764470623456,9151591535853174784,0
134281223,16157931271351701600,6990022044926738432,0
30727,17309516598755201120,4720067110276366336,0
1610866696,16168135422155954224,2342089517856456704,0
28687,17322816716631715888,7025892495628173312,0
14343,17309797936385503328,18375231837439000576,0
134279175,16148994307629258784,7026050841945964544,0
1006733324,3467843185693437968,4647991899892744192,0
268558367,13853497969288288280,3512946247814086656,0
201357315,8075025329649094752,14340006579904970752,0
134346767,16154906381718919200,13943703032069226496,0
402714630,6926678639490109504,6989736162776580096,0
939651087,16158776778636659936,3711243177936551936,0
469825539,17297411800308652128,14052347973422022656,0
2013523992,6944765034669414424,8088745310249025536,0
469891087,3490502754710599792,18411273845240496128,0
253977,13898533974186006584,9205634715275493376,0
65545,9241809751703160840,2071686614916005888,0
469862404,3467984481561614384,2341983960445222912,0
1610866700,13862361703583844448,3566989447369064448,0
939601924,4620975268219062336,2378067736535236608,0
134246403,13843925505010047072,7170007691757092864,0
100695043,10383155460496431136,14052207235933667328,0
1099746539523,16145827727094061152,14340578349573734400,0
1006671878,2310488179588204608,2450222095112601600,0
1100014962690,2310487629849167936,3386979613698686976,0
469825542,3472346519067693248,14268371219806945280,0
57359,16169825923531935760,9187479579277656064,0
268498951,16154834926281689152,2378050152939520000,0
268562447,6944765043192635440,13943582068610301952,0
67172355,16149205083175259840,4539901109715861504,0
402681860,6931462872245999712,7133978889906290688,0
268498951,16156875607045314656,7170289175323869184,0
1006761999,16157158198713530480,18411273844703625216,0
805433348,4625619605335312448,2522182924611092480,0
3221454859,13862503527765252112,6971851507444482048,0
507959,13893748890823690264,3485925751641866240,0
402976827,16205573818987329648,7188305764535173120,0
469891079,16157086708981831728,4720330978034581504,0
201355267,6919921848462870592,2522288485243551744,0
939653135,16157087825690892384,7170289175323869184,0
1879171087,13848991917067995232,3566987248077373440,0
2013474840,6944973950469017648,6972080214452994048,0
1006737420,2319565472775280704,7133868943038480384,0
268492813,16168134872500940816,4665971114567008256,0
536985607,9230690918851413568,1801558601962160128,0
134279175,16158776675534649440,16249422895980609536,0
1073987597,13862573896609699864,8340945785843613696,0
3585,9230127986118758464,5044242688887488512,0
402714631,16157650810123598048,16393663411470204928,0
134246403,16149205117526609088,2522464425358393344,0
1006761996,17321056935353268272,7026173987247882240,0
12295,16158847229061509168,17834813092400201728,0
268492802,13842658343529744064,1945686984177483776,0
805429252,4620834517845542944,2414144912602693632,0
939653126,3463480057233152096,4828166697083863040,0
402714631,13842658755878062144,2522292875773870080,0
939718680,8088536403375558704,7025892503681236992,0
274928245761,17297412345837394368,18159604413092593664,0
268496903,13842235967887903840,3675174806552510464,0
1879306264,16168065062002231344,2341948776073232384,0
234912771,1159677183255124000,7026050841408700416,0
201357315,17301915399936809056,7134185627083866112,0
1099679403008,1157566417283322048,9656825934572945408,0
49167,16176861155158274072,16195373086470569984,0
2147975199,9252365668971187248,3512946251840618496,0
50347009,17300789908102197440,14268511957295300608,0
134279175,16145546234869319776,2378050144349192192,0
268492806,13848991899887081504,7026050841945571328,0
8199,16158845931881246816,9728892311818993664,0
201456647,4048948833492408416,14340015382440443904,0
2013474828,6931251495498680512,3675209982334205952,0
402716679,16156031182114134112,7134255979721392128,0
469891086,8102472172226490480,14087818202427949056,0
4228110360,3476850387230011440,13943703014352093184,0
805433356,6944692471062859872,4719917553072275456,0
268541956,13848851179596418144,3530958451058409472,0
50347009,12685655417434409344,7782607214254489600,0
402714628,6933503707562383472,6990035238529269760,0
2013523992,6944693025147459632,7025760570876035072,0
939653135,17325842284835248240,9205918406186893312,0
469784579,6925833389959289024,7350419964668411904,0
469891084,2315062418574938128,4666017302914138112,0
1879269384,4638850011638794288,3494905465052069888,0
939651078,2319495383137130544,2414206485253849088,0
100675585,6920203478058404032,7350279242212442112,0
805429255,13849414954232844384,4719917561662144512,0
1610866696,13853497973516541968,9277698923294621696,0
100677635,16148924089293609056,14052277605751586816,0
402710532,13848991625076283424,2414206480958881792,0
201357319,9239347395412897840,13944265982022254592,0
805435399,17307545036959520800,7026103618503704576,0
100678663,1742999163060361248,6990017663523618816,0
122889,16159411349393651760,9187615918719500288,0
939626500,6931181122391378016,2414153708695715840,0
201358339,1736244184476293216,7134818946854682624,0
469891086,8097544154534129712,14087818220144689152,0
201390087,17309797111668939872,9151587128142987264,0
100675587,13843221808910702784,7350428760761434112,0
134246402,6922244571053430832,4864195493028167680,0
201351170,13842799450399705120,6990070421827616768,0
57351,13852933670615915616,5872997410975776768,0
1879302159,13849554867038194912,4575934306391687168,0
268546060,6944622098023452688,6935761137774362624,0
469823494,6933433201462090848,8322929204953874432,0
402714626,4618723734693349568,7350138489691701248,0
31747,1160909323556886560,4828975936567246848,0
402714637,16151809323717890080,6953702976838107136,0
604047364,2314991504336619584,2522288477727358976,0
402681857,13838717668092808256,8503341469275258880,0
61447,17308425745874038880,14916476132596383744,0
805433356,2319354362180405264,2324070721300692992,0
469823494,6931182221936562272,14051714638618296320,0
469825537,17297974818956381280,7423040525839630336,0
268492802,13838154743910761664,1585390220579176448,0
939646990,13862503527865913360,6935967854550319104,0
2080577544,3485998330415951920,13944019690880761856,0
268492805,13844207100194459680,4684038297687818240,0
402714631,4619990380679006304,3530954052475027456,0
469823495,13849554867088529504,7134255979721392128,0
201390087,3474740155880577056,7026050841945833472,0
14339,17302373408872601648,18123465682090721280,0
126991,2321817276850647072,7026050841945964544,0
129039,16158002737459247344,9187901798185172992,0
201355267,13843924989557345472,9151587136732921856,0
1040292876,3472487256504933472,8287177501508108288,0
805363718,13842658755880160448,3891382764447989760,0
939651086,6931181401581292592,3513086993623941120,0
3,13843362404664608832,7350120882473271296,0
201390087,3472382521596194864,13943703014352093184,0
201455631,17309692651603630128,7170289192504393728,0
201340931,6921329377965251776,8503350265368281088,0
4398851928076,16150050659197522016,7133974491859779584,0
67139587,16149205426747480160,4828412987687567360,0
2199493079047,6924707490052970592,5116643345585668096,0
503379971,16145264416321445344,18375794847521964032,0
4027047961,13862503527765249072,4161464598181969920,0
1342435359,16172850136740665464,9205636915372490752,0
805380100,4616471393697006656,1225097849658671104,0
201357319,17309797111651119200,14340569551333228544,0
805363718,9230972153335123136,2810518852805328896,0
201357315,3463479782422622240,13944160426221633536,0
61447,16157158198712612976,18411269430550986752,0
402714631,13839984700633389280,9151587125995503616,0
2013523980,6931252595009525808,7026123409981636608,0
201390087,3472488081155436640,14052347974495764480,0
1073952783,3490396920139749488,7134255979721392128,0
201455622,2319495378841901088,7026050841945964544,0
14337,16158846748025696256,13835493495709630464,0
134279175,13840406406310661312,3675161604359651328,0
8797703700492,13848991899903855648,1837534619738570752,0
100678659,12685725799135330240,18159604438862397440,0
114719,13855186892099952656,9277975986534612992,0
469825543,17309798211296964656,13962159464585887744,0
939636740,2319565477070510176,6989859308078891008,0
100695043,10384281222955931744,14087567530957471744,0
6597271197700,2319495378841901152,2522288476653617152,0
251689991,16156806350697410656,14088381169561239552,0
15360,14996776481907548192,9296335660686245888,0
268562447,16150331601565782240,5044233908900593664,0
234911747,16149768548585576896,14844972711746207744,0
2013491224,6971786641023971440,4738347567245426688,0
805429260,4627871388034926608,2323998152996257792,0
2013392899,13839984168057440352,3567127989860827136,0
402706436,6926678622343010352,2342133494026600448,0
100678659,11537237916230619200,17150252743089192960,0
61447,17309798204720298096,16393656830775001088,0
12291,17301106427863240736,14052207233786183680,0
805435404,2314921131364323360,4648141442601385984,0
201391111,1746341815862702144,13980070477058539520,0
402780175,16156806333516484640,4720225424918315008,0
402714630,6931462889426913376,2522288478264229888,0
470022174,3476991122436528144,6935762237420437504,0
134246403,16148430833705814048,4684051509007876096,0
134279175,16158775563137062960,7026068434132008960,0
201355267,13842799501958454464,7350428760761434112,0
469825542,2310487647028512832,2738461267357335552,0
134279174,6933714689257376864,3675016468824719360,0
201357315,3465731857064663136,7134255979721392128,0
939651076,4625338113177684032,2522288477727358976,0
939651076,2319495103963990048,2414048151284482048,0
7517237297,16198536369008941080,6935757839373942784,0
536993795,13837591484717598272,1225058270998298624,0
402710535,13849554575029966944,7133974504744681472,0
14339,17301915812304007360,14268494365109256192,0
28675,16147728488458367024,13943703004688416768,0
3758350361,13872074239647682608,7043909101213974528,0
939585542,6922244571053955104,6990035237455527936,0
134443024,2324069626419613744,2342014751065767936,0
1610833944,16159129872269455376,16267562604992397312,0
2013523982,16156876706572672056,8124773020641263616,0
2013523983,16168346549864634464,3711243177936551936,0
805421069,9233225336178350128,2360156688629104640,0
245791,13890089742030346264,4449624601562972160,0
1275328527,16155398975830629472,8322929196363939840,0
939651084,13844348404618498080,4720333177057443840,0
201338881,16144560668709750912,7926880716971835392,0
402710534,4616612406080575552,7133868951628414976,0
134281231,6933433197100797664,2522288486317555712,0
129039,16150121023646472208,6972132990742691840,0
201453581,2314992054125985824,108372280723243008,0
1024,8647755967206788480,7782712745895395328,0
67139587,17301915949742168112,16250104592652566528,0
67164162,6924706940248394880,7782747934562451456,0
57351,16158001775486578712,13889662009793839104,0
939618307,13842095221809089728,7422204872306458624,0
536993805,13848991625009174624,2378173289651503104,0
126991,16154906098216996912,9205916206358331392,0
939651087,16154906106841012336,9187901825028718592,0
61455,16176579673705558064,16699905986302836736,0
4398986280984,13862502977975883824,4089408101508186112,0
402714631,13842658317791923296,3531046416283598848,0
201390087,17307546130028179504,13889530077257334784,0
268558351,13851807800792452288,3963440359022919680,0
2013523976,16168346536978946080,8755274760591507456,0
268492803,13842095230365467712,3602958874249920512,0
61443,13838154451835159168,2161850973956341760,0
939651078,4618864618236284000,3675209982334205952,0
939651087,13848992741768829024,6989828522290315264,0
1879306252,6931462889443691744,1369160259297345536,0
30723,17300649166284533792,9476272938668785664,0
61447,17311768742292371504,16699905986302836736,0
805777432,2323999798874867728,2342014751065833472,0
939651084,13849554592142460960,2414153708695715840,0
134246403,16155750531872862688,18375231837439000576,0
1006745612,1162000726235557920,14051785023468601344,0
67172358,2310488179588208704,7062092849747329024,0
939651078,16155397910680837312,4539901110789341184,0
30723,17301915829483878592,14340569553480712192,0
1610768392,4638990749059778592,1189025072174596096,0
939653135,12717957544426610720,9331753113671303168,0
3299038235664,3476993330184204384,14051776208048226304,0
469891084,8097965823685824544,4648141442869821440,0
16780288,17295934172655787200,17150798105151537152,0
268496899,6924706940246821984,2522182933201158144,0
1006761998,3490396920273580056,13889662035832078336,0
4398851932174,16168419104847050800,8899392143395651584,0
939634692,2319565477070248032,7133974504744681472,0
31747,10383121246913573056,18303174243401072640,0
939651086,16154624631864301616,2414206485253849088,0
57358,13862505168543027224,6971851499122982912,0
268492806,4618723322370197184,720637516251660288,0
201357313,3461227840824412224,7134810149687918592,0
10243,17302372856902195232,16357628015502426112,0
201357315,2312739996581238976,4756135473070473216,0
268693516,6944763387448793112,6971825119165612032,0
16784385,17297974750264957376,18303156668394897408,0
268496903,16145616333030561888,6990017646343618560,0
234908675,3466857894418062368,5260652981618999296,0
805564424,16167994134878228496,6935686379573837824,0
939581443,13842095230399548512,4539901110789341184,0
268562447,16172920505350494256,7025877110518513664,0
939622411,16156876700113049624,6971851507176046592,0
503371782,3472346235599065120,4684297782431842304,0
126990,16168982054800470064,6972132982421192704,0
402780167,9241105836614356160,4251534391437754368,0
201357315,12690229377214449856,7350419964668411904,0
234911747,16149768514225838272,9079811018745446400,0
33586179,12690229931264186432,7134255978647650304,0
134246403,4618723184954312896,2450222086522667008,0
201330691,16149205564204780736,8503059994298548224,0
469825542,3474740155880577056,13907986495815286784,0
14337,17297411800309438912,5621583110622674944,0
503446535,17310959435045944432,18411273845240496128,0
805363714,13839984150876522592,2522288477727358976,0
201357315,16148079526907746368,7134255979721392128,0
4398986099726,8102472189440964704,18411273836113690624,0
1208193050,2362352688697847832,6944800222866309120,0
61447,16158002606596960368,16681891587793354752,0
402714631,4625619330457405504,2378050152939257856,0
2147934232,16159057304502013976,6971852606956109824,0
234911747,2312739979467952224,5693104097889091584,0
1006761999,16175104148463163616,9187622524110766080,0
4161171480,6944762844236099608,13889626834280120320,0
939601928,16168065062002235440,6953775536015409152,0
939784204,2319566851460044832,7026050841945964544,0
6147,17300684350690963904,18158724803790372864,0
939653127,17307545036959518752,7025892503681236992,0
520223,16143575227124417584,1261287179938889728,0
8797972197384,16150332155650381936,7458238067371933696,0
268558350,13851102979410103392,1801558602230595584,0
49155,9230690678324855872,1225053869998866432,0
268562447,6944763385435402288,4666153642355818496,0
1006663680,3458976745402675392,14267948992309493760,0
4398851940358,13839984717830032480,3711102435616358400,0
939646988,13862502969519779856,16195505018470662144,0
2013788191,17311205723502033008,16682454555463909376,0
100694019,6924706940246825056,7134255996901261312,0
503446542,3490501930043318320,9476695151670722560,0
28675,16148079509726834912,16069951778178727936,0
536985614,9228157403533935616,1837604991167102976,0
100694019,6924496383820437696,14267808272001007616,0
134281223,11532804277257377888,4828729647037153280,0
201379847,16154623807230580832,7025892511734300672,0
402716679,2319565751897823328,7025769366968860672,0
402714630,6931462614616119360,7134150426605125632,0
127007,16201914077252689968,13943703005762158592,0
201357315,3465591111035400224,9440661954994634752,0
1006893080,3512881383272230936,6971851507444482048,0
129030,3472347337258178656,7422486371979231232,0
402714630,2312810352440252448,6989863706125402112,0
1610858509,9232803106533414960,3567127989860696064,0
805433356,16168346549831077984,4720295793662099456,0
402714630,2319565477069983760,13853356161882914816,0
234911747,12689105126575049792,7061916909633011712,0
100694019,6921329412326558848,7350419964668411904,0
134248451,8077417875541602400,14268511957295300608,0
469825542,3463374497741412400,13943703031531962368,0
939651079,6933503570189490224,7044190585049251840,0
2013392904,16159972098041982992,16177488421474795520,0
469823495,16158847168849648736,16646421359861170176,0
671199236,4625619880213220416,3530905674500341760,0
469813252,1162035910607646768,4648150238693949440,0
469825543,16158283205294170080,9151868611709632512,0
129039,17320915641766916112,7458233661809229824,0
61447,16156875607044266016,2414206485253914624,0
402714626,4618723193544248384,3675209982334205952,0
402716678,8084454475081193504,4684196627899088896,0
201357315,8077417875558374448,7026068450775400448,0
503380999,3472488081324257504,18375240648564408320,0
201357315,13842658730108786784,7134255979721392128,0
100677633,16144560668743305408,432890937027330048,0
939651079,16157649916585839840,3675179196814131200,0
201358339,17302760250135812320,7423049323006394368,0
1610858511,13866444177540001848,13889662018652209152,0
268496903,16145827727043202240,3675174797962248192,0
1610870808,6944762844235960336,4666289981528997888,0
201373703,6924496383770106080,7133974504744681472,0
268492807,13850681591595536480,4684192229315969024,0
2080635933,17321092122007189552,16412238577821286400,0
939653134,17308003526865336368,14087818201354207232,0
2080634892,8097966390656112736,7170007691757092864,0
3087142936,2323928880341323808,2414083339951538176,0
4398986067974,14356065677741152,3566987252372340736,0
939651087,16168137080114524208,13871586047491768320,0
30723,17302513974546012256,14051785006288732160,0
1040316431,17327847796326152240,9205916206358331392,0
402710535,13851806666852142176,8178814003993116672,0
469817350,2319425005869602864,7025892503144366080,0
1006761999,17328938509596897520,18411273861883494400,0
268496902,6933714689324485728,3711190401378549760,0
503379975,6933714689307711712,7422486355873103872,0
1879308296,17320916191388512304,13961717412861575168,0
134281223,17310924111204855904,18411273844703625216,0
134281223,16154623807230580784,7026044244607565824,0
2080577560,2324070726065729632,14051679454246207488,0
134248455,17309797111651899616,7422486373053759488,0
1073967131,16165883347430805520,4630124845336854528,0
117455873,10379742030883981376,7061978499464036352,0
58727937,10379742022277271616,9656825938867912704,0
67172358,6933504669650521184,8179042715296727040,0
536997903,16154553438436068448,3711102440448196608,0
201357315,16149205564203210944,7350349613104889856,0
939651087,16172920505350502496,7170007691220221952,0
64519,17310924317244800112,17834813110116941824,0
805560351,9259264352953580784,18429291542553296896,0
805363727,16176863371329286368,18411269430550986752,0
1812068364,2315062968364308528,7026173987247882240,0
67139587,17300649174908024928,14340569551333228544,0
939651086,6931462876608337968,7170289166733803520,0
201390086,8084033353638752304,13944002099232505856,0
100677635,16149838887380594800,18411836780698402816,0
402698244,6931181122391377952,6989758161599070208,0
469889038,6931534070086905952,16393661203588579328,0
134281219,11536112033452788800,3603099611738537984,0
234911747,3465731994503616704,14844972709598724096,0
939653132,16168416356067979312,17546582716248489984,0
939646991,13848992741768829024,7170007691220221952,0
939646980,13849414120959904864,3531037620459012096,0
201455630,1166504602938644528,6953711772931063808,0
201357313,16142449340102740096,7350349613104889856,0
268955711,16208878933625280560,8124774111764406272,0
469823494,2319565477070510112,6990035238529269760,0
6145,17297974767511411072,15853726219506810880,0
805429255,4616471393731087552,3675069240550883328,0
939651078,6931462889443691584,3531081600655687680,0
805429263,13864755477902792752,3512919863561551872,0
805429256,4629844457456537608,6944681469168058368,0
402716676,2319565751881046112,6990017646343618560,0
3,16158847237711474624,4467693975653842944,0
129039,17325560537262471224,16195506127377530880,0
402710535,13844489120631754800,4648150238693949440,0
58726913,13838717659529615488,4900303452736847872,0
2013468696,2323928880475541520,4666008497962352640,0
234945543,12698112192735096928,14052347973422022656,0
939651078,13849414155304437952,2738461259841142784,0
469825542,2310488179588204640,2522288477727358976,0
4398449205254,4625338392367602736,3567127989323825152,0
1879302159,16168346536978946096,8124773012051329024,0
67139587,11536112170893839552,8503059994298548224,0
335607811,6924707627441589440,3963440357412175872,0
469825543,17311768690636372192,18375245047684661248,0
126991,16176863405687975984,18411273845240496128,0
2013499404,2333077392644117040,7458114922606493696,0
469813252,2319776596121096384,4756100305878777856,0
536920071,9230972737451199536,3494912061853401088,0
234911747,16149205564203211968,7422486354799362048,0
31751,17309798211162749024,16646421358787428352,0
939782168,6944693025147455536,3512884683484495872,0
2013474824,9250676784701642848,7025839727123103744,0
805421063,13852791863629060128,7026176186539573248,0
127007,16208670017825540120,3485925751574757376,0
469892103,17307545036959520816,7026173987247882240,0
805429263,13851667063287322848,7458233669325422592,0
7,17311768770075046000,18375231837439000576,0
469796870,2319495104031101024,4828412970507698176,0
15361,16145123687414106304,7061916902116818944,0
2199425966083,13842658755880159680,2738461258767400960,0
939642886,2312739979400841248,2378177687698014208,0
3758612505,13862502977975490584,6944800218705559552,0
7,16176861363431026800,9187615918719500288,0
201355267,4618723356729935552,2161859764680654848,0
100677633,11533015387779108224,3891373975871422464,0
134279170,6924706940246296640,2450178115721625600,0
28675,13842869814882086960,18411269430550986752,0
28163,8662885827100553408,14340006603527290880,0
536928262,13842095221775533120,1945686984177483776,0
234896385,10384246042878546016,13980290377236611072,0
4027047950,13848851179662743600,8124773012051329024,0
63495,17307546138618630256,14051714637544554496,0
134242305,13838154743902372992,3891373975871160320,0
536993807,13850680766945037504,3675073643429298176,0
268558344,16158986933475872784,4648000705112571904,0
805355526,13842095221809087680,1369230629920571392,0
805429254,4625619880229997664,3566987248077373440,0
402776079,13864194078533234736,6971851507444482048,0
100695043,10384386780367950016,10233269094690324480,0
1879302174,4643635090537846832,6971851507444482048,0
458783,16176790197802371104,3566989447369129984,0
67139587,16148995407208001648,10341381880468733952,0
1073864717,13844348404619546656,6989810938694205440,0
402714631,16148923591018678368,7134150443785781248,0
1006733320,2332865706557184032,2341946576781443072,0
100677633,2312669606428547120,7026173986711011328,0
30720,17307546136572867040,18303719601168449536,0
503397388,3472488072598526000,16394224178774933504,0
268492807,9228720903277251648,1369173455315992576,0
1610866701,13867007140278307952,3567130189152387072,0
939651085,6921329377964723392,2522288477727358976,0
1879302152,13862362803161798704,3513086989060538368,0
805433356,6931252595008999472,4738347566440120320,0
268496902,6933433059644016672,2341948780368166912,0
134248451,17300719539356971232,16069951795358597120,0
63495,16155116109266685984,4720199036639051776,0
100694019,8075448375304794160,13944265981485383680,0
469776385,3461227703386511424,7062119219772522496,0
402706438,6931462889426917440,7134255979721392128,0
8195,17300650268077866976,9079256848778919936,0
234912769,12686288813439850688,7927443681957642240,0
469825540,3467983931771990112,4828307417391431680,0
939585542,16154835750948974688,14088134878956617728,0
134279183,16175664916438980704,6990110005857026048,0
402710534,13842658180352445632,3675209982334205952,0
268693534,6949196624774830112,7025874911763824640,0
2199157534722,13842095221809088704,4467834717437165568,0
201357315,16144701414820026464,7170284776740356096,0
114703,9259121433467164696,3485925751574757376,0
234895361,16144701998937672896,7423040525839630336,0
637564931,2312810348146071648,7134185609903472640,0
28679,17309657190172995680,16681887173640716288,0
234909703,9232239336190908464,7044190585049055232,0
129055,17320951650638377008,4720330977497317376,0
671199240,4620834513617686576,4647862166647472128,0
100678657,17298256311147306208,17150815755319640064,0
469790723,13843361988053829696,7062198384609722368,0
1006735372,27304730799910936,6972132974099693568,0
8798106400774,2319565743308151856,3711243177399681024,0
402681859,13843925504942938208,7134255979721392128,0
469891087,3490504678856996976,16393661212178513920,0
402905100,1171007375734476816,4629841161270427648,0
67123203,17301915949767070816,15205014425692536832,0
402780166,16154553159313528880,2342087318833266688,0
469889030,6931462872246261792,7025769366431989760,0
201447439,10385407395559256080,13943698615231840256,0
402714631,13851806804357946464,8611441055545425920,0
63495,17311487198597232752,16681891588330225664,0
100694019,16144701964575840448,17150815718812418048,0
130062,3490502479631358048,7134150427142389760,0
536936452,4620834513550313504,2378050151865384960,0
469792771,6933714689307711584,7999510074236076032,0
234944527,3490432123839985760,7134255979721392128,0
63495,17307546136571818080,18375231837439000576,0
114703,13862573888019771632,9187607122626478080,0
61455,16176861430036576368,18411269445583372288,0
234911747,6924707489985861696,4828412987687567360,0
469864460,6931181122391378016,3675069240550883328,0
201388038,4625338113245057072,4648229402994278400,0
67172355,16149205426764257472,7133939320372854784,0
30723,17301071387372826720,14340428850352095232,0
469825542,2321817551779667040,8286896000761593856,0
469792775,3465731857114208352,7422477558706339840,0
1610866699,13842658309201988832,1945691382224060416,0
536997903,16172638472128311320,8124773007756361728,0
469821446,2310488179587156000,7025839727123103744,0
7,13850118207983456304,9187343239835811840,0
127007,16154623532319117424,9476202604284346368,0
536993799,9239979524363388480,4251516803546808320,0
201355271,16157086726164060352,7422486355873103872,0
1006761998,2319566576682807328,13943703014352093184,0
503380998,3472488076860207200,14052347973422022656,0
402698246,4618723184956410048,2450125339163099136,0
2013335560,2314992608210589744,2414100932137582592,0
402780172,16168135430846691376,8178814001308762112,0
516159,13862222052788541488,3512946249693134848,0
469813250,2312739429662853184,7134255978647650304,0
36871,16176861498756051056,18411273832892465152,0
4398986145804,2314992608210065424,7043909096919007232,0
402780174,6949196624875499568,13889591649639596032,0
201357315,3466857757020788832,14340015399620313088,0
129031,3472381971974598704,13943491925299429376,0
1610858527,13863066477718674456,3485925753722241024,0
469825543,16158775713413467840,2233921762133999616,0
939651086,6931462872262773792,3567127989860696064,0
14337,17302373202697400368,14088376770440986624,0
15363,10384246038583840864,4828975936567246848,0
503366662,1166503226384846880,4684051491827220480,0
234912771,12690229793876875360,14052347974495764480,0
2148003903,16204165868543152152,7043909096919007232,0
402714631,16158847031392874608,18411836811836915712,0
268562447,6935404625793396760,13863066490972430336,0
805560348,13867007397975562272,2414067942762217472,0
3221479455,16172955683279738936,4017483552940621824,0
63495,17888263579339855984,18375245064864530432,0
234911747,16147867853689194592,7134150426605387776,0
503380999,3472382796507658288,16249546023565787136,0
402710534,13839984150893299808,2414171300881760256,0
402767884,16168134874648293400,13853527667711672320,0
3758284808,4620835608800270352,6935686370983673856,0
268496898,6919921985900775488,2450398016973307904,0
939630596,4620834513583607824,6935686370983673856,0
67123203,17301915812303214688,18375794813162225664,0
3758350348,3485998880071093360,3566987248077373440,0
939651084,6931182226265348144,7026173978657947648,0
201355267,13838154743910763968,3891382764447989760,0
469792771,6920203478024326336,3891373967281225728,0
469823495,13852933769534388336,18411273845240496128,0
805363714,9230690832945775680,1369208639688015872,0
402714631,6924707627441589472,4539901110789341184,0
939651074,4618863922409114816,3891373967281225728,0
134279174,16145545959991416864,2378054542932705280,0
268492802,9226187113058272384,1297115865036095488,0
31747,17879115565286305824,14087813803307696128,0
201355266,4616612388966764640,4684192229315575808,0
3,17302795415162990816,9079503139383541760,0
503367686,2312739996581763264,7350349613104103424,0
1006737412,6931181401631628320,8106738822064111616,0
20487,17304027143029927984,13943698615231840256,0
134246403,16148642064459893952,3603117203924320256,0
939784204,3485998330415951920,7025892503144366080,0
100695043,3465731852820027584,14268511957295300608,0
201355267,16149205564203211872,7026173986711011328,0
469792771,6925622408214223040,9080365186564489216,0
268558340,4620975251038672928,4647998498304884736,0
402782239,16176017004972349488,16681893787353481216,0
129039,8101486453609213968,13889556482447638528,0
1073987600,6935757835280455704,3476917450795122688,0
30727,17311768793717678048,18375794817457192960,0
939651084,6931182226265086000,7025894702972928000,0
805433348,4625619588154394656,3566987248077373440,0
201455631,2337580425369362464,13907674217333129216,0
201355267,13842236496150796336,7025892503681236992,0
61447,16157158181532604464,7025894702704492544,0
49167,16149979738650451984,4864151480350801920,0
7171,10960742114794936336,4648563664729669632,0
1006667782,2310488179587160160,4684051500417155072,0
268564495,17306420434098860056,13889961102727184384,0
129039,17329817837695154416,18411269439140921344,0
469825551,6951800543187316848,14376048578579660800,0
2080634908,2337440228979773488,7170289175323738112,0
100694019,11536393482645019072,7422486371979231232,0
503379970,6922455690239285312,4828412969433956352,0
258079,17324328457001637936,16394224177701191680,0
201357315,3465731440461221056,9151578332049965056,0
2080634887,2319565477070508080,13944215404755812352,0
549990725635,11537518996021579200,4467834719584649216,0
469878798,13653215771103280,7026173986711011328,0
251689985,12685725777587083456,5117206312718958592,0
805433359,13870242856929594560,3963440358486048768,0
134281222,3472346235598540832,4720067111887437824,0
134246403,16148078977101072576,7350349613104889856,0
8053518360,6944622647812954128,2324075119346974720,0
469891087,17329220139135536576,8575407860480212992,0
402681858,4618723184954312832,2738382102520135680,0
469790721,13839280643842772160,7350419964668411904,0
469819398,13842658755880160448,3963299620997562368,0
134281222,17307405392506400784,13853360559929425920,0
100695047,17311204641173158336,17150824500948631552,0
549856492545,12685585594215831776,17150815718812418048,0
1006761996,2319566576582137904,6972132982152757248,0
402714631,13842799639406317248,4467843525341347840,0
469825538,2310558552626567200,4720221026334539776,0
3072,13838506548982714560,14844392137394487296,0
1073864712,4620835608833822752,7025769366431989760,0
805564447,16168346549864634464,8178816207579873280,0
50347009,16145123653056465280,7206304791624941568,0
268492804,9237164886340409376,6989736162776580096,0
469825543,17310959432898451696,18411276044263751680,0
503380998,3472488083336476720,16393661211641643008,0
939651079,6931181401631627312,8124773012051329024,0
134242307,13842235967887903936,2522288476653617152,0
1099713015815,16044924178274496,9151868603119697920,0
503414796,6926748437136547888,13943698615231840256,0
402767879,9237868573782448176,7026173986711011328,0
520212,16159129880792670256,13944002098694979584,0
1879244808,2333077375464245280,2414012966912393216,0
671133702,6931462614616119488,7422486344061943808,0
939636748,3485857584202911760,4648231594232905728,0
126991,16176017004988733536,7025839727391735808,0
1006753804,3485858133992282160,7026173987247882240,0
1879306254,16154834926298471520,8178814008288083968,0
1006762012,2324071825577619504,6954118583911710720,0
234945543,3466857907362470080,7422477575886209024,0
939646983,9237165161169034336,8178752435637125120,0
2013526044,6944763393891637296,7188305772856475648,0
805564447,16168137080046886928,13961720710859587584,0
402776079,13869259352424848416,8178814017146650624,0
402714627,16148079526857414848,7350419964668411904,0
31751,17309797936385503280,18410992357378883584,0
402714628,4620835613095497824,4683897551609397248,0
100694019,16149205564272416960,7926880734151704576,0
536985606,9230690815772198464,1801549805869137920,0
234912771,12698041836876871872,14340015399620313088,0
402710532,4616471934896966720,3530905673963405312,0
939651087,6949478387531914464,8322929196363939840,0
234912771,12689103889607694400,4756707236297310208,0
134246403,2312739567100758080,2522182924611092480,0
402714628,13848991642256150560,4720067112423784448,0
1006694406,6931462601730431008,7025892503681236992,0
402710535,13853004022179174448,7026173986711011328,0
260127,17327814533952846064,7170291374615625728,0
805433359,16155257989219490016,7133926118179995648,0
939651072,6926960097319458912,6989859308078891008,0
7169,17297975300085004384,18375794787392421888,0
268550159,16150121034384414768,7025892503681236992,0
939651084,4625620687733397552,3513086993623941120,0
7169,17873766990905612384,5045139898965688320,0
100677633,9226890757582887040,5476904929643724800,0
67123201,2309361867356111936,3603143599719448576,0
805429260,4616612131219442784,1261117850853113856,0
939651084,4638850016034435120,13889530077256876032,0
491569,13871512367797768200,6926748436800733184,0
469825542,3472487252261083232,5117197516625936384,0
117455875,17301915395708950720,14268511957295300608,0
469825542,3472347335244525592,6972080214453125120,0
939651084,6944763393891637296,6953775536284041216,0
469825542,2315062972660584544,13907551072567689216,0
7171,17886152304395300960,9151560733421469696,0
1879171084,13862503527765252144,6972132990742691840,0
469891086,3472347337392009232,6972132990742691840,0
64519,10392128446050088992,14051785023468601344,0
33568771,11536112016323784800,14340578349573734400,0
100694017,16144701414887135424,4828272231945601024,0
805355527,9229846253428804704,3566987248077373440,0
469825543,16158564474102225376,9151859815616610304,0
100695043,3463479782390117344,18303684416796360704,0
134246403,2308235830000880672,2378041350940655616,0
134248451,3465731857114214496,14340015367408058368,0
805433359,16172639024031608856,13853633221633245184,0
469792771,16148079114540554336,7422486354799362048,0
402714630,4616190468493416544,6990140791645536256,0
201355267,16149205018742364256,7134255996901261312,0
469825543,3472347337224237112,17852827489835941888,0
469825543,16157720049172093024,7422486355873103872,0
122909,16195368675942080528,6971851503149514752,0
24583,16158882218047715568,9187897396917436416,0
402716678,2310488179654268960,2558321672792834048,0
268562446,6926748995382155312,6953984451814817792,0
939653134,6949269192677538016,16645858392727879680,0
268498950,3474598310240323616,7025923315241582592,0
61455,16174892479488471088,6971833915258437632,0
31751,1742965078166614208,5044576940422332416,0
67140611,1159748101839001632,4720084704073351168,0
503380999,15571302093796161584,14088381169561239552,0
134249475,8077417875492051040,7134185628157870080,0
134275078,9228720903260997728,2522182932127285248,0
229407,9254617516012080664,2287861596053045248,0
469825543,6933714693619456224,16645858391654137856,0
122887,13849413846064171040,2342014751065964544,0
196627,9242374909404254224,6971710765392723968,0
1879171084,13848991899954187360,3711102436153229312,0
805363718,9230409211938604128,1261144238863679488,0
7,9241247377409847344,9151314442816847872,0
201390087,3472488356084455520,7133974504745074688,0
201357315,12684459548263330272,18375742010834288640,0
13198300418072,6971997764454202464,9187620324282204160,0
1006763020,3485998880071104544,7026173987247882240,0
805363719,13849554592209834032,13944019690880761856,0
469882886,6931462889443695712,3567127989323825152,0
402698246,4625479142723815488,3530901275916894208,0
805429255,13848991917084773472,3711243177936551936,0
536993798,4625338388122703904,7025760562285969408,0
201357315,6919921985901824192,7206304774445072384,0
2013392908,16154834926365580384,8322929204417003520,0
402714630,6933714689240602816,7350358392017256448,0
12291,16149416511503861792,2306265234563760128,0
234896385,17298186487922702560,14340569587840450560,0
1006694402,6924706940230047840,4828412970507698176,0
134248451,6922455690188426432,3603117212514516992,0
67139587,16148079114540027072,7062128034119942144,0
126990,2324071816987291672,4666008497425481728,0
469825539,16149275799805500864,9151868611709632512,0
402714630,6924707472821722208,7422486354799362048,0
2013523982,16168346532683978800,6953775536284073984,0
3758612511,13862503527765252112,6935762237420437504,0
134279174,13848850896111278272,7062092832567459840,0
3,16145546505485557792,9728865910655025152,0
939585543,13843924955189218400,3675214381186220032,0
469825542,2321747178740522080,8286900398808104960,0
201390087,16154906119725920304,4666158040402558976,0
402714627,16149205005871615104,2738663577497108480,0
201353217,3462353603293349952,7061978482284167168,0
402714627,6924425448089193504,7026173986711011328,0
201390095,17310079703320369264,7026174004428144640,0
127000,2342085115917901840,9241670126275657728,0
939651084,4621115988594137184,2378067736535236608,0
100695043,6924425997829281984,5045139954800263168,0
201390087,2319566576682807344,18429288227106979840,0
4398851862534,6931251495497898096,7170007691220221952,0
805433350,4627871680043682912,3531046424873664512,0
201357315,16148994445135321184,14340578349573734400,0
302054407,15001844131033790496,13944002118561234944,0
28679,11538434464154398768,13889378327740809216,0
402714631,13839984717830032448,3675209982334205952,0
201351174,4644895496080448,1369173454779056128,0
671215630,4625619880229997664,3567066417209737216,0
30727,3472382521596194864,9151578325607514112,0
234912771,3465731852818976832,13980140843655233536,0
268484615,9237727836294879264,7025892503681236992,0
805822495,13898534523806944280,2296905079594156032,0
258079,16207825601586540592,16249546024102658048,0
33586179,12685655426024344704,7206287201586905088,0
805363717,16154553434124060768,2522292875773870080,0
61447,16154624631964971120,14376044170869473280,0
536993803,13862221503132872720,4647862158325972992,0
939593736,4621115988527024160,2378054542932574208,0
805421063,9230972840530414656,3675161610801905664,0
268496903,13842799501958974656,3891382763374247936,0
67172358,2319565477070510112,6953700774191185920,0
536993817,13853497977878617104,4341539310286143488,0
1610735631,13850540029456682080,4251534391437688832,0
134281223,2322943245476966496,9296019036771713024,0
67139587,16147868407789531168,14052347974495764480,0
469891087,6949478387517234400,8575126376913305600,0
402714630,4616471385107072064,1369173459074154496,0
402714630,6944762844236492848,14087818202427949056,0
134248451,17300789912397166816,14340578349573734400,0
402710534,13839984717879318560,4648211811345104896,0
201455631,16175172597221963824,16195505027865903104,0
201357315,16147938230991326336,3603117203924320256,0
805552159,9257994588635271392,7025883703561682944,0
402782222,8084068540191486000,14087818202964819968,0
201390087,3472488076894804064,14340507980829818880,0
33586183,17309797936385503328,18375803583485444096,0
61447,16158846037108079088,9151578325607514112,0
805363727,13848992724588173360,6971851507444482048,0
129038,17321056385698115632,13943579869586653184,0
939651078,6933714813810642016,4575934305854816256,0
268492803,13842658755880159424,7133974504744681472,0
469792771,6924425997896390752,7134255978647650304,0
805429263,13849414120959904864,4539764767589400576,0
129034,3470094985507115056,4648002921047654400,0
57359,6944622100305293360,4864160276443824128,0
1006763023,17309798228345502176,18303183054526480384,0
805433359,16150965457167063152,9187901808385720320,0
469821446,2310488196768078016,5044436235146231808,0
12289,16148994299106431072,14916467323618459648,0
939618312,2323999253447581712,9242237491187023872,0
805369863,16145546239165335744,4540182593282244608,0
402780164,4625338113244796960,7025857319309148160,0
268492806,4625619863032567856,2342085118199365632,0
63494,6931532966180427872,7026044254808735744,0
469823495,16149205564203211968,9151868612783374336,0
30723,17301669513108658272,16358190983709458432,0
402780175,9239981044874615904,3567068616501297152,0
939651087,16173483455304964336,9187901807848849408,0
786483,16168416899280280624,4575709997966557184,0
268496902,2319565468480051248,2342087318564765696,0
402690052,2314921131297212432,2342089517588021248,0
536985606,9237728136893828288,3675214380917587968,0
201357315,17301915399936809152,7350419981848281088,0
1006698508,13652099046317152,3675174797962117120,0
469790721,16149205014457884096,9079802221578682368,0
134246403,16158001498361180256,14376044177311924224,0
201391111,8084174099717042272,9728892331146346496,0
2013523992,6944693025147459632,6953775536284041216,0
469825542,3472488081188984944,7170289175323738112,0
30723,17309691277214496864,7134255970057715712,0
536985613,13844910255093844000,3567066417209540608,0
67123203,16143997615710669952,3891373967281225728,0
268496902,16154834913463113776,6972001049347358720,0
234896385,12685725640130304096,14051573900056199168,0
402714630,4618723322393267264,2450222086522667008,0
536993807,16159340987092312112,13871524474840612864,0
30723,17311768793717422304,18375803616771440640,0
251689987,1159888985289922752,7926880732004220928,0
117454851,16149205426814595168,14340015383514185728,0
234912771,17301071387323537504,7134255979721392128,0
61446,2314921681086722064,13889659802717519872,0
536993806,13848850904701732896,3566989447369064448,0
939651078,4625338392434711600,3495072594846023680,0
402714626,13842658755880159424,7133974504744681472,0
117455875,3465660951451146624,5477467922546819072,0
30723,16157650775627542720,14267949009489362944,0
1745088525,16172920780246228080,8179042715297054720,0
469825542,6924707490002635840,3675209990924140544,0
201357315,3465626303947348160,7350279244359925760,0
1006696455,3465731444747013216,8575407859406209024,0
31751,1747363287922643136,14268371256315740160,0
805433356,13844489142141458528,3567127989860696064,0
268558348,4640892977358319664,9187620324282204160,0
469825542,6931463714127753408,14052101683891404800,0
469825543,17309797111668938976,7998947107102785536,0
268496902,4625619313259710496,2414074541711228928,0
402698242,6924706940246821984,7134255979721392128,0
234907650,2310487904776359968,4684051490753478656,0
402780175,17326334638412011616,8323212879222472704,0
402714630,6931252595009525792,6989859308078891008,0
67172359,3465731857063876656,6953986650838073344,0
268492807,13842658180319415392,1225062665286582272,0
268496902,4618723322368099520,1369173459611025408,0
100695043,10384281231545874528,14340015382440443904,0
805404684,6931463714127744096,3675069240550883328,0
268558343,13843925401863720032,3675174806552444928,0
469819399,16154624631964971056,13961717413398446080,0
260111,17328940435972698160,16195505027865903104,0
15363,15571302093712791648,14052339177329000448,0
234945543,8086707666599819376,18411836811836915712,0
939646981,9232661278124152896,7134150427141996544,0
939782156,6926960097319458848,3494923057372332032,0
2013507608,2333006456930703408,7025892503681236992,0
61455,16154906383866542192,18411273835039948800,0
2013335560,2315062976954767408,6953711764340998144,0
469891076,16150895135674611808,16646421359861170176,0
1006761998,3490502479698475120,4864441767526662144,0
49167,13851314890964604944,7025888097581662208,0
234911751,16156805238300872928,14340015400694054912,0
100677633,17297411800308652128,7350982929654218752,0
126991,16176790837954097200,18429290433646428160,0
872536076,3485857584337129520,4720333168467509248,0
28675,16148994445085776096,16646421394220908544,0
1610866696,6926748989039980592,17258347925944139776,0
30727,12695719371965476896,14051785006288732160,0
134281230,6944694893387712224,4251670735174631424,0
805433359,6932378761220594200,3485892768373522432,0
805343236,4616471385107072064,1369226229189705728,0
268550159,16150120473857241104,4648273373795713024,0
201357319,11542937788803190816,7025839727123103744,0
402714631,16158845931898804320,7422486354799362048,0
117471235,12690229931331557408,14052347974495764480,0
33561601,17297411869028913344,14268089779191021568,0
402780174,6947015193705322544,3495011018168401920,0
1610866719,9252365634594674736,6971851507444482048,0
30727,17311205740800127168,14340578350647476224,0
1057094670,1166504334486935648,7422486371979231232,0
234933254,3472486977381603424,4828342600689778688,0
30723,17302760391871838656,18303737223419265024,0
469841932,6944763393992306800,14088381169561239552,0
33561603,10384245832395792704,9440125427680542720,0
2080634904,3512881381023946800,7043909101482409984,0
2147991583,13855184628581404720,6972002149261639680,0
268562439,16154623532352673840,6953986650838269952,0
469891087,17327812601082420464,9205918396791652352,0
117472257,12685655408825077856,14052347971274539008,0
805396484,13848851171006483552,3566934471519240192,0
14339,17301915812303220832,14340569551333228544,0
30727,3466716736064860192,13908232785346166784,0
201357315,2308235830034958400,7062092832567590912,0
258079,16210639853138489392,16393661212178513920,0
24583,16157861587619950640,14087813801160212480,0
253980,9288537063190567952,4593739789638828032,0
201390087,16156594991161684064,13944019690881679360,0
33569795,17302761491366687168,18303719626938253312,0
805363719,13839843430584814656,3531059609886261248,0
201355267,6924707477117733984,6990140791645536256,0
939585543,16154624625421465648,13943703014352093184,0
201357315,16147867857984165984,14917039136236896256,0
134281220,2319495108326070368,6990035255709401088,0
30723,17301809906957683808,7422899822711013376,0
100692995,10383119597443749984,4684086692305436672,0
2013523980,4625339491929561200,9187620319987236864,0
805429263,13868766620875110640,18411273844703625216,0
201357315,6920203469436488896,3891373975871422464,0
402714627,6924425997829281888,7134132834419474432,0
1879302168,13889526774897053712,6971851507444482048,0
100677635,16149205426763733184,7926880732004220928,0
67123207,10389910449725780016,14051785004141248512,0
2013509644,2326180680289361936,13871524474571980800,0
402659328,2306054673859612704,2378173284282793984,0
67172355,2312739429662854208,2450125338089619456,0
939626508,2314992603915360288,6953705167539666944,0
939651079,6933714809583574112,8286896009351528448,0
939651086,6931181397354224736,8286896000761593856,0
126991,16168135422156091416,13862641520399613952,0
251689991,13851244816460429408,17222882111090851840,0
1073999887,17307545301099354136,6972009845709275136,0
100726791,16149275937309726816,17258915307230068736,0
201357315,17301916911781294128,13943703006299029504,0
134246402,13843221327849194688,3675016468287848448,0
402714630,6931251770375805040,7170284775666614272,0
268492807,13842658206124346560,3675209982334205952,0
268564495,12696317508404523056,13944265981485383680,0
302042118,1166538687782852704,14916476134743867392,0
1006761996,6944974513009856608,4684302181015224320,0
234945543,17308672036478660704,9728892331146346496,0
268490758,3472486981677363296,9440239742529568768,0
258078,6944765034669420568,6935757839373697024,0
61455,16155469050351589400,6972082413207814144,0
469891086,3485859791883739232,9476127784880308224,0
15361,14992132149121388736,14268511987360071680,0
30727,17310959297589164256,9151859800584224768,0
31747,14990302149404526656,5044981625125863424,0
2013788191,17357087933676795960,17429492425411723264,0
1610686469,13839843421961847872,1225093451612160000,0
268562447,16172639307399313456,9187901791742722048,0
939569158,2314992058420957216,4720207832195006464,0
4026789888,17321340611600980016,8196828406260695040,0
402714631,6924707490002639040,7926599241995124736,0
939646988,13849414129549839392,3495072590551056384,0
1610866700,13862503544945121296,2432223082786586624,0
63500,2323929979920070160,9133368214028288000,0
805560344,4629985216420122656,2360024745220505600,0
940437552,6971997764437424240,9205636922620248064,0
805433357,16168979872856553496,16195505027865903104,0
2080634911,17325597920657815608,17564599305728163840,0
536997900,16168135422256754712,7044190575653814272,0
201357315,6924707077685775552,8575399063313186816,0
24583,13840547702132186048,9079503139383541760,0
61455,16176861687735662832,18411273844703625216,0
469825543,3465731857114206320,14340147373227900928,0
201357319,8086425074813114416,6953984452083449856,0
1073856521,13844488025382062112,2342087318564765696,0
4398449192962,4616331188800849952,2522288472358649856,0
402677763,13838154709540539584,3603073230975270912,0
4026785807,13867570399488253152,4575934302096719872,0
2013523972,13844910529905690688,3675209982334205952,0
3073,17879256302757877856,5117197514478452736,0
402716679,17307546136471146592,13943579886229913600,0
469891084,3472347335110170672,6953702976838369280,0
939651078,16147868407722416224,7026068434131877888,0
1879302172,13867570365126679664,3584996149431402496,0
268496911,6931182226265348144,7025771557402378240,0
805560333,13844911354606520416,3566989447369064448,0
402714631,4618863930999573600,3531046416283795456,0
503379971,17310853789723932768,17510549521183014912,0
