16391,13841532581081779840,216185977058639873,0
4099,16147938540274058624,288247971559112720,0
16387,9228438895694185344,144123985242619904,0
201357315,6924707172126294208,864796745997484032,0
122895,9238572750781546688,216185978132594688,0
24583,13844911827002065024,432363158561226752,0
12291,4618723219294126976,288283154857721856,0
63495,16155398804180311744,2522042181217255424,0
57359,13844910830650396352,216185977058656258,0
28678,2310769422662369408,288265564819554304,0
61447,6756258491142080,1369107481397067776,0
98319,10696925320840128,216185977058639872,0
24583,13862927428268072640,216185977058672642,0
201355266,5348402546082048,864796688014114816,0
268476420,9228438964413662976,720584737009172480,0
134275074,4785401053053312,432363159634968576,0
49159,9237446868029407360,432363158024323072,0
8195,13841814056082605248,144123984705781760,0
24578,8725964798296448,288283154857721856,0
28675,4926757050253696,288283155931267072,0
57348,13840406956044451968,144141577965633536,0
1610825752,18088070285758584,9106385648960405504,0
57351,13848569395345883328,432398342933577728,0
28675,13851103829844565888,144123985242685440,0
63503,17321689811784834944,4467623610131087360,0
57359,13862503532091933824,432371954117312516,0
28675,4618723219294126208,432363158561226752,0
32775,9237729030259607104,72061992352890880,0
122895,6945539146621914688,216185977058656256,0
8195,13842095462340887936,288283154857459712,0
57350,9228438964425196224,144123985779556352,0
15,9241105836625888128,216185977058672643,0
57346,9228720387865446272,288265562671546368,0
57359,13845052117878836864,432363159635230720,0
537083904,9242232011419028672,216185976521752576,0
24583,13840406956079056768,432398344007122944,0
122888,9289275532116544,216181578743726080,0
57351,9237729442576466112,216199172003561472,0
57349,13849414086613271936,432371954117345280,0
57348,9232942976397738112,144141577965600768,0
28675,13842658962051173568,144141579576279040,0
53255,16155399070266951360,432371954117312512,0
28679,13849413880426532288,2233794212879433728,0
12291,16149486901725761408,864743911456112640,0
7,13852792963223523264,216185977058639873,0
28679,16148079552632983424,1585293460334903296,0
57351,13848569524245235392,216181579817517060,0
28675,4614219550922113408,864796694457352192,0
49167,13862643255866294656,432371954117345280,0
98311,17452513772963200,432371954117279744,0
49167,16150049568207143808,288265564819554304,0
16391,9240824550627739264,216185977058672640,0
253977,9242233042170282176,216185977058672640,0
402780172,6926960105912012736,2161754211295985664,0
12291,16156665651828097216,432398347228413952,0
24579,13842940230869454720,432407140100079616,0
1,13842658807431302912,288283155931201544,0
16387,9229565551546728576,432371953580441600,0
28679,16157649916593701248,864743911455981584,0
57348,9232943886906689152,144141577965600768,0
14339,16147938265380425472,576566318305116160,0
8195,13839844074836723584,432363157487550464,0
30727,13850962276354363264,2161780604139208704,0
98318,28148717574948032,216177180428746752,0
57351,9236883351165468864,144141577965600768,0
221247,13889386058815113152,216185977192865792,0
51215,8097897907433767104,144141580113149952,0
114700,9233084693126057856,432363157487452160,0
24583,13862925280700533952,216181578743709698,0
98319,27585612895748160,72064191376146432,0
12295,16158776503749844928,3674946092564316162,0
805429252,13849413811673497792,144194360429379584,0
805560348,13862925229102733536,4539641619334316032,0
16391,9239980770010861504,432371953580572676,0
61446,13934712270622400,432363159634903040,0
57375,13903601120665143280,126107387038818304,0
57350,9237728119717103488,432371953043537920,0
49167,9250957941911060672,216177180428746753,0
49167,9251239760422241984,216185976790220800,0
57351,13852791511397171584,864743908234690560,0
24583,13848991676580759424,432398344007319560,0
28674,5348608738068224,288283154857459712,0
28679,16157649908007960960,864743911456112640,0
67170310,9149062145118080,432398342933315584,0
1,13838154451843549056,864726314974838784,0
57348,4620976359176413120,4107287258476838912,0
24578,9228720387887466112,288247970485370880,0
61446,6926960114531307392,432398342933577728,0
134246402,4619286719008607104,4323508420981293056,0
24578,4504200955297920,144141577428729856,0
14343,9236883948208398272,288283154857590784,0
15,13862925847564910784,216185977058672642,0
402714630,4616612706733004672,8286636509038149632,0
245776,54185058364817440,36030996176445440,0
268492806,9228439445463632000,2161754211027517440,0
28675,6924566778297189760,864726319270068224,0
14339,16157087920193277696,864796694456827904,0
24583,13844910280827469952,144123984705781760,0
8199,13850258786375172224,288247970485370880,0
536969224,9007766210347904,432363157487353856,0
24579,16155257147333018368,864726319270068240,0
57351,16150190821061165440,288283154857721856,0
49156,9232942787377235840,432363157487419392,0
57348,4625478893646644608,288283155931201536,0
57351,13850681686149304192,144130582178226176,0
57348,9228439170590969472,144128382483824640,0
28674,6922315184609427840,432398347228413952,0
167835655,13933861804707264,4539760367395471360,0
16387,9227876237843629760,144123984705781760,0
16391,9232098843530625408,432363157487550464,0
114701,9252083103005935552,216185977058672640,0
939651087,17307826924218483696,505520329725050880,0
24583,13844910332367077760,432363157487419392,0
49152,9234068704482823936,144123984705781760,0
30722,2312598666354884864,864796685867941888,0
12295,13850680724075577728,864726317122453504,0
268492802,9226186889707389184,288265573409226752,0
16387,13843502819983753984,576566309714919424,0
16391,13869682827642027584,6989591019993980928,0
126991,16173272387757805504,216203570318508032,0
28678,9430287925641600,864726319269937152,0
537116681,9232943251225313344,72062000406331392,0
114719,13856735159167488560,8700957778816020480,8
245773,9252083154560223168,216185976521768960,0
57351,9237728205625884864,216181578743709696,0
57351,13849554686663722880,864743911455981568,0
57350,4785607182123392,864726319269937152,0
16391,9228439170616131712,144123984705781760,0
134246406,6931463705568739520,432468722415304704,0
28675,13843784174762198912,288283154857721856,0
805564447,16204375351143172064,540568310833217536,0
245773,9251239829116555136,1008819511475847168,0
28679,13852793160724383680,144141579576344576,0
268492806,13842095462279020736,144247145577578496,0
24583,9007774846420864,432363159635034112,0
122892,4620975259631224960,2161736617767763968,0
114703,9252364560816407424,432371954117312512,0
8195,13842658962050122112,288283155931267080,0
57359,9254898943776526016,216203570318508032,0
57348,4625479168496240576,216181578743726080,0
61447,13849554686662674304,864796688014639104,0
98319,10696564517372288,432371954117345280,0
30727,6927522471652360448,864796694457876480,0
114700,9289241203836864,72061992352890880,0
134279174,6931462889428488064,1585319848613904384,0
114693,9228438895692088192,432371954117345280,0
114700,9233224262370723712,144123984974200832,0
24583,13848569799088537984,432363159635034112,0
268492804,13849132319541035392,288459082086612992,0
65566,19704588460359872,216185977058672641,0
61447,16150754458272268688,882759409477222400,0
49159,9228721126595625344,864743908234625024,0
28675,4618442268338032576,432363159635230720,0
57358,13849414163890700672,288283154857459712,0
24579,13839843421973381376,288265562671677440,0
24591,16145263935225856128,288265573410275328,0
134275079,13840407024798533504,1008859099531575296,0
57358,13862926259881771200,216199172271947776,0
28674,4616471488216698752,288283155931201536,0
28679,16154835750954737600,3602906091249401856,0
805421064,9288897570799680,144141578502668288,0
24579,13842095874658797504,432371955728056320,0
57348,2315273503276793984,432363159634968576,0
28675,4616471934885960320,3602888498526322688,0
28679,6931462640387493824,432371955728056320,0
61447,6931111857528246208,144141579576344576,0
122885,13843925015267901632,432398347228938240,0
16386,9228438964424147328,432371953580441600,0
30723,16154553180789151936,9079520733717463040,0
16387,9230690832940532096,432363157487484928,0
49159,9236883411263554560,144123984705781760,0
12291,16154695245403004096,144141577428795392,0
57350,13844910280828518592,144141577965600768,0
253964,13853355045567860608,216179379384881152,0
16391,9232943345770169024,144132781335773184,0
16387,9239979661909298880,144123984705781762,0
49159,13849414206855579520,432371954117345280,0
24578,13840125120261128448,288247971559112704,0
28679,13848851411538805120,432398348302286848,0
49159,9237727930714423488,216199172003528704,0
12291,11536393508444178048,432398342933577744,0
24583,13848991942868730752,1008859096310743040,0
59398,13848850999187342208,864726319269937152,0
98319,13844910280878854016,144141577965600772,0
14339,16149768539939540864,2017665417136701440,0
57348,4616471367928251264,432363157487419392,0
122892,9250958268332773056,216185977058656256,0
24579,9231816801556365568,288247969411596288,0
201357315,2313020913214300032,4323508422055165952,0
49158,13840406612447069056,432407140100145152,0
7169,16148923977570459392,864796694457876480,0
49156,9228720989190226176,288283154857459712,0
24583,13849414138119324544,432371954117279746,0
469825542,16156383133214710144,9079494344901132288,0
122893,13868555347170430912,216185977058672640,0
24583,13870948305308483776,504464734138073088,0
57348,9570733384532096,144123984705781760,0
14339,16148642708820331904,432398344007319552,0
114703,9250958285512642240,216185977058639872,0
61447,6931463808647956864,288283159152689152,0
61447,13849414361492226432,864743911456112640,0
28674,2310910503749156992,144132781335707648,0
49159,9237728205592330368,144141577965633536,0
49159,13844910830626279040,144141577428860928,0
8195,9231817145282727808,288247971559112704,0
4103,17310079939507128192,864726319270461440,0
57351,13840125532640903552,432371954117345280,0
28675,9239979386955894656,1873506242958229504,0
7,13844911380339097984,432371953043537920,0
49159,9232098276535173504,432398344007122952,0
7,16157650526550363776,432371954117345282,0
14339,11536111750008016512,432398342933577728,0
49159,9228720920437195648,144123984705847296,0
57359,13867007655636631744,216199173614206976,0
134246403,4617034558395646720,864796694456827904,0
57350,16145827203037266176,864796688014639104,0
49156,9570750539237248,720602329732153344,0
229407,13890089720457727936,792646729362071553,0
134279170,4616190563013627072,216181579817418752,0
57348,13844910332341915264,1297045489581047808,0
63494,2310488222535254400,288283159152689152,0
12295,11544979354294421888,288283154857525248,0
30,71358021308518368,414338862500806656,0
49158,9233224743399719104,432398344007319552,0
24583,13850540244159430912,864743907161145360,0
196639,28712148496548736,144141577965633538,0
28678,6931323071154358656,288247971559112704,0
57350,13848850930569579904,432363159635034112,0
229407,9278260782728480736,216185977863995392,0
49157,9229564881510859136,144123985780473856,0
2051,17302690113265861504,864796685866631168,0
122892,4622806436134519168,288283155931463680,0
49156,9237446610377508800,216185977058672640,0
16391,9228720920462362496,288247969411694592,0
57350,9237728343030235520,864726319270461440,0
49159,9231816612605069184,288247971559112704,0
49159,9234069151153127808,288247971559178240,0
8195,13843784724519059648,144123985779589120,0
122895,13844347330875097792,216185977058656256,0
49156,9232661278058614720,216177180428746752,0
7,17452376335058496,108092988529336320,0
28675,16149627029296251648,1729593376029540352,0
24582,9237728068185882880,864743907160883200,0
122892,9251239760422241984,144123985779523584,0
63495,16146249965284363136,4467667588985389056,0
28674,4616472037990335616,432363159634968576,0
114703,16168346034441297760,4143318254519083008,0
114703,9237728343030235520,288283155931201536,0
24576,5348402516721920,288247969411563520,0
57351,13843784844744589760,504433946201784320,0
268550159,9252084236933926848,2233798610254839808,0
98317,28711512779522240,216185977058672640,0
57351,13839843456327878528,864796685867155456,0
16387,9227313201989812608,288247969411563520,0
57350,13849414361492226432,432371956264927232,0
28675,16145405213913648064,4539637221556289536,0
122895,13862609132352700864,1008929468276015104,0
61446,13842658343516111232,288283154857721856,0
49159,14637265832648640,3674950490879180800,0
28679,13850541360897065344,864743912529854464,0
8199,16154553726230601408,144123984705847296,0
268492806,13840406595250421888,144282329949536256,0
24591,9232802565399249088,432363159634968576,0
57348,9232942735853356992,144123984705781760,0
49157,9232942770201560960,144123984705781760,0
49155,9231816801583628672,432363157487419392,0
24579,13844910332362883328,864726319269937152,0
61447,13842658137357681536,2017858936553078784,0
49167,13863065897812361344,432363157487419392,0
98335,55172419808661472,900723224076091392,0
24579,13843502820008919808,864743908234625024,0
57348,4625478893621481344,288283155931463680,0
28675,16147938815153014656,432407140100145152,0
24591,13844489167915978624,432363159634968584,0
245791,9288396175372722144,2269817510964498432,0
49159,9238854105532729216,432371954117312512,0
30723,2310769353896755968,1729487822912225280,0
28679,6924707172154605952,864726319270461440,0
31751,13511640760713600,288283159153082368,0
24579,16154834677170962560,288247971559112712,0
49167,16169895169044250752,432371954117279744,0
24579,13842658395080885120,864743908234690560,0
24578,4616753633183138048,288265562671677440,0
16387,9228438964424147328,432371954117345280,0
6145,16143434734487215232,432398342933446656,0
61447,13851807792147468160,2161789397010415616,0
16391,9237728961582074304,1873523834339065864,0
258064,2360732880439615424,216177180428746752,0
49159,13840406612430291200,864743907295109120,0
3,17310009149919070336,432363158561488896,0
30727,3490715351194273664,864796696604573696,0
114700,9237728343031283904,216185977058672640,0
49159,9237727844814029696,288247969411563520,0
8195,13839843731229902464,288247970485370880,0
16386,9225060921076875392,288265566966251520,0
122892,9232802591107715616,8106481528424382464,0
49156,9228438912871957376,288283154857590784,0
61447,13849413949175366336,432371953580572672,0
61447,16158776778645053376,2738250149850710016,0
57351,13840406956060184256,144123985779556352,0
28679,13849413794505163136,864743911456505856,0
8195,13851665388177195392,288247971559112712,0
122894,13849414155300243328,144123985779720192,0
32781,564083898191552,216185977058656256,0
57350,9228439531368222592,2161745414397689856,0
114703,9242232080131163328,216181579817517056,0
245784,9242232011474600128,216179379586211840,0
268550158,13849554892876681088,2161736618036183040,0
28679,4504458652287360,288283154857459712,0
28675,4619286375401783680,864726320343810048,0
57359,13862925778916738752,504429548155240452,0
57350,13849413880491544512,792642332120940544,0
67172367,16175101983831113696,18374717267607879680,0
57359,13848852004244293568,432371955728056320,0
57350,13849413931994449280,432371954117312512,0
57348,16151598178767471392,576568508738445312,0
16390,4626041912315347328,432363159634968576,0
49159,9237446868053524864,432371954117345280,0
8195,13843502682572064640,432363157487419392,0
24579,13840406956070670208,144141577965633536,0
245791,9279105757385068512,2269820809465835520,0
24578,13840124982849438208,1729452635049721856,0
49159,9239698667855675840,432371956264927232,0
28679,13852793160787302592,216185977058672640,0
24578,13840125463913039744,144123984705781760,0
61446,13839843456335217536,864726319269937152,0
49159,13846037761279132032,288247971559112704,0
32775,14074058088906880,144123984705781760,0
16387,13840124914113184000,288283155931267072,0
268484613,5629877506015360,144141583871246336,0
49159,13849555786175349120,432398344007122944,0
8195,13842658807431300480,864743907161145344,0
67139590,4616471608431739392,576531133933289472,0
28678,16155256958388012928,864743908234887168,0
12291,4618723202114257152,288247971559112704,0
28675,4619286358226108800,288283154857721856,0
28675,13839843662464287104,288265566966513664,0
49159,9234491999306909568,432371953580474368,0
4111,13906838555313832128,108092988529324032,8
268492804,13511657924857440,3494796609575718912,0
114703,9251239760489351104,144123984705781762,0
49158,9237727862027453312,288247971559178240,0
49159,9238009826631483584,216199172003561472,0
98313,9243357980050590912,216181578743709696,0
114703,9237728343030235520,432371954117345280,0
57348,13844347330848884608,144123984705781760,0
61452,4629701542288564160,3530826506173431808,0
28675,13842095805939322560,432363159634968576,0
16391,9238853675976229248,288247969411694596,0
12291,13840406956061230976,432363159635034112,0
49159,4504115033931904,432371954117345280,0
28678,9853531203829888,288283154857590784,0
28675,4616471694362544512,4179349250829729792,0
24579,13842095324868379008,288283154857721856,0
24579,9231817351373000064,432371954117279744,0
7169,17879045106337587072,4323701941471805504,0
61454,13844910263647602560,288247972364517376,0
12291,13842658412243976576,864796688014114816,0
268492806,4626041912387702656,432371954117312512,0
24583,13792840860567232,144141577428860928,0
6145,16147657305816566912,432398347228938240,0
57356,9233224262366527872,432371954117312516,0
31751,10966476774471369088,1729593388915752960,0
24583,13839844006091031296,864726319269937168,0
122892,9250957254653379264,216185977058639872,0
14339,2310628685220155264,288283154857590784,0
16387,9228439170590969472,144141577965568000,0
24583,16154834677204518528,432363157487550464,0
28675,13842658274856404864,432363159635034112,0
57350,13840406938898137216,144141577965633536,0
114703,9234069151153127552,144123984974233600,0
4,13844629956948135040,144123984705781760,0
28679,4620975809420594368,144141577965731840,0
12295,16157649701916643008,216203570050072580,0
201357318,2319777171686563712,288265566966513664,0
57350,16154834952081375488,864796688014639104,0
114701,9232943938474608256,144123985779589120,0
30735,2332866307849978752,1008859096310546432,0
114703,9242232011478795328,72061992352890881,0
12289,13837732394043442944,864726317122977824,0
63495,2319355852566299008,864743912529657856,0
122892,9233225430631188352,432371954117345280,0
114700,9232803115125706688,144141577965633536,0
28675,13841814313781694336,144141577428729856,0
24579,13842658755892742016,288247971559112712,0
24583,13844910280799160192,144123984974233600,0
65551,4639553741994854080,216185977058672640,0
49159,9238572613366712192,792646729362096128,0
6145,16143153173578645888,288265562671546368,0
57350,13844347330874048640,432363157487452160,0
57348,13848850930473111488,1945568233968943104,0
57348,9232661312451907968,4323473235535495168,0
114703,15481793791659968,2233798610120622080,0
57351,13852792043973116288,432371954117345282,0
57350,13849413949170122880,432363159634903040,0
805429254,13843784045851312320,216445494283993088,0
12291,16148501971264865408,288283159152558080,0
4099,16145687084020007040,432363159634968584,0
57359,13870947205754912960,504464738969911296,0
8195,13839280489193539456,288247970485370880,0
57348,9237446661916067712,144123984705781760,0
98319,9570664606335104,432371953580441604,0
57351,13849415031573187968,432371954117345282,0
49159,9234492068027433152,144141577965633536,0
28679,16154834952072988544,288265566966513696,0
12289,6920062628867870080,2017665411767992320,0
57351,13844348404654673088,792646729362096128,0
6145,9225624128767135616,3891127672381767680,0
61446,4620975637616656768,864727418848673792,0
61446,13849414206872356736,432376352163790848,0
24579,16157086683176632704,864796685866893312,0
57351,13848991921393895296,288283154857590784,0
98328,54467667412139104,108092988529319936,0
49159,9238853761922762688,216181578743709698,0
12291,13840124931311927552,864761505790296064,0
122895,9251238901395226816,504429548155273216,0
57351,13842658824612218816,504429548155240448,0
24579,13842236543415093120,1008832708031479808,0
57351,13849976933473845440,144141577428795392,0
16387,13842658274821800320,288283154857721872,0
28679,16155398735301451712,4251411243182637058,0
28674,2310628960056115584,288265566967037952,0
57359,13844348430425001920,1945568233968910336,0
49158,6192964890001792,288247969411563520,0
24591,17320986029711167360,432363159634968576,0
49159,9233224743403913344,432371953580572672,0
24579,13842658824611170176,432363159635034112,0
57351,9240824559182021376,612597305891356672,0
16399,13866868567612857440,252216973100867584,0
805380108,9232943268414619712,216185984306839552,0
57350,4628293574644990336,864796688014639104,0
28687,17320915665321199488,864726319269937152,0
24579,9228439445477262720,288247971559112712,0
114703,9232662386256646080,216181579817517056,0
229403,4639553192287800928,108092988529336320,0
32774,13844910469772476800,288283154857459712,0
49159,13846037692601598080,432371954117345280,0
61455,11561163684553170112,216199172003561472,0
49159,9237446661921310656,216185977058672640,0
6,10978881421967552,216181578743709696,0
24579,9227313201939480960,1008859096310480896,0
49167,13849414361492226432,432398344007057416,0
28679,13852791923773802432,432371956264927232,0
57358,13842799149732331904,288283155931267080,0
28675,4619286237963878784,288283154857459712,0
8193,13842095239002590336,288247971559112712,0
4097,16148501215325457280,4179349250829746176,0
57351,16154835776758091648,432363159635066884,0
57359,13862504030241030592,432398344007057408,0
16391,9228157987651060608,288247970485370880,0
49158,9237727913567060352,144123984705781760,0
122895,13845052117895614400,216185977058672640,0
57348,13844911380339098752,288247971559112704,0
98319,30401462150365376,216185977058672640,0
57348,4620975259629127872,2161736617767829504,0
24583,9241106025602351920,882758305737748480,0
0,16144279314080730816,262176,0
268492806,9237446661929699200,432398344007057408,0
61447,16154554263123009472,3891162857827598336,0
57351,13842658137357680768,288283159152558080,0
57356,4620975294020321408,288247970485501952,0
57351,13851666161304866688,432398344007122944,0
16391,9237727930746929280,144123984705781762,0
114696,4621539326279288448,144128382483841024,0
32783,19704519741931712,72061992352923648,0
57351,9232943869805465216,144123984705781760,0
114719,9241950536434975680,72061992352899072,0
8195,13842095531060366720,288283154857721856,0
49167,9251239829208826048,216185977058672642,0
114703,15481999924921024,216185977058672640,0
28674,4785590031614208,576495943118356480,0
30723,2310347184483078016,864726319270461440,0
268558348,13844910349545898048,1369331788748554240,0
40967,9233224262388549440,216181578743709696,0
57348,9237728119683549056,432363157487419392,0
24582,13794043451409600,432371955728056320,0
49159,9238854105532731328,216185977058672640,0
229385,4622101193897805632,72061992889794560,0
57351,13844207091738480752,9097272896555843584,0
7,9237446868032553104,306262370068594688,0
28679,16154835991464509632,432363159635296264,0
24579,13839843696887989888,144123984705781760,0
28675,13842095814516674496,2161789395399704576,0
24583,16154834677178304384,864743907161145344,0
63494,1162140969851686784,864796694457876480,0
122888,4620975293990962880,144123984705781760,0
28674,6922455406773016704,9079485550418853888,0
122911,13850539711591874944,864796694592380928,0
57351,13844629355624406720,216185976521777152,0
33585155,13841814331029725056,3891136469548531712,0
7,4617034575571321216,288247971559178240,0
229385,19141518225835584,72059793195409408,0
24583,13851807525901443008,3674963685824102400,0
12291,13851243467871620992,432363159635034120,0
24579,9228720731454439808,288247971559178240,0
114700,9251239760422242240,216181578743709696,0
122895,13862503540682393536,216185977864028160,0
61447,6931181113804066752,792642332120940544,0
122895,13862502466871886208,432398344007319552,0
114700,9233224726222995840,432398344007122944,0
8195,13842236268548718976,288283154857590784,0
16391,9238572338497193344,432371954117279746,0
24584,4612530769777131904,288247969411497984,0
24578,4616190545832709504,288247969411563520,0
57351,13849414988557453248,432371956264927232,0
114693,9237446661917116352,216181579817484288,0
24579,13842096020687684480,864796685867155456,0
16391,9237728136872853888,288283154857721856,0
8195,16149768617317113216,432371955728056328,0
8195,13839843731229904256,288247970485633024,0
98313,10134164336541824,216185977058672640,0
98312,9234069082404290688,144123985242685440,0
61455,16173271769155633536,864814280200159232,0
57350,13849413880430725056,1369107481665519616,0
3,9228720662824094848,144123985242685440,0
28675,13839843731295968384,144132783483256832,0
16387,9231816801558462720,288247971559047168,0
114703,9238572630522463168,216185977058656256,0
122895,13862926259885967296,216185976655986688,0
49159,9238572613370905792,216185977058639872,0
14339,11536956278007923072,864726319269937152,0
28674,4616190219398417536,432363157487550464,0
61446,2315273640803835008,432363159635034112,0
63495,16172850175292739264,432371956264927232,0
268558348,27445992138736000,432371955727925248,0
114692,9233224331120608384,144123985779589120,0
8195,13839843714041644672,144132781335707648,0
28679,13934102295085184,288265573409226752,0
61446,6922455922096734592,864726319270461440,0
16387,9228720989190227328,432363157487419392,0
245785,13862503566384562304,441379703161421824,0
28679,16154834651472465792,432398347228545024,0
114692,9232942770218339712,2161736617767780352,0
28675,6924707172138877312,576566318305116160,0
24579,9229565414086805376,432371954117345280,0
30726,2319777927658474752,864743911456112640,0
8193,13843925496367157120,432363159635034120,0
268484612,13840125532640904960,288247971559047168,0
8195,9231816801617184128,432354361125945344,0
57348,13849414155299193216,432398344007057408,0
61447,6931323002440126336,432363159634968576,0
114703,9237727862015920000,432371953043537920,0
49156,9237728136905361024,432371954117345280,0
49159,13849413949175365824,216181578743709696,0
49157,9237727930717571456,2161754211027550208,0
49159,33216211968852160,216185977058656256,0
32782,6944976196752383584,2413935997474582528,0
49159,13848852098733573312,144141579576279048,0
57375,9258840048590127296,216185977192890368,0
28678,2319495121175839616,864726319270461440,0
129038,16150895127084146624,4539641619334348800,0
24579,16145827752793080576,864726317122977792,0
7,13852791631716024448,216185977058672640,0
15363,13265564693523603328,4467623613352902656,0
30,37719949244891232,108089689658884096,0
49157,9229565001740583296,432363159635034112,0
49159,13849413880426532736,1008832705883865088,0
402714630,6922455715964522368,2161754212638261248,0
24583,13849413605543379328,432363157487550464,0
24578,4614782483701956864,864726317122453504,0
28678,6931322177739293312,432363159634968576,0
32775,17733593596956352,216185977058672640,0
57358,4638990242294013888,4251411243182637056,0
24583,13844910761826058624,288247971559178248,0
57350,13848569386746511744,864796685867155456,0
30726,2319777102957642112,864726317122977792,0
61443,13842236620703531392,1008859099531837440,0
57348,13844910280798113664,432371953043537920,0
28674,4926413428756352,1585284662094266368,0
114703,9237446713460918144,432371954117345280,0
268492804,9237446713434702208,288247969411497984,0
3,4617034352253993728,576495943118356488,0
402716679,17307827658699585376,17978807318896181248,0
536939528,3476921857567367648,8718973276904226816,0
114696,27867723567464640,216185977058672640,0
49156,4621538243972695680,144123985779589120,0
57351,9237306723355594304,72070788982816768,0
57350,13849414361457623424,432371954117279744,0
63495,3472487492709515392,432398347228938240,0
114751,9279110774070451808,108092988529336320,0
16387,13844909713900180608,6917546620900966404,0
12295,9289344273612928,288247970485370880,0
98319,13862926259885965504,504429548155207682,0
65551,13846036180735363008,216185976521768960,0
28674,6922455922084151680,864796694456827904,0
537116681,9232942787389817728,432376352163758080,0
57350,10978365908451456,288283159152558080,0
229400,4629983051591976800,108092988529319936,0
61446,2310628960022561152,864726317122715648,0
49159,13844910555672871808,432371954117312516,0
537116683,9252084649204645952,108092992153419776,0
536993804,4625478893647693696,144141577965568000,0
57351,16154834608429465984,864726317123764288,0
16387,9232098276560339328,864743907161145352,0
49159,9229565001744777472,864743908234625024,0
49159,9237446593210220672,144141577965600768,0
114695,9233366099371757440,1008832706420768768,0
28674,4618723219320344192,432363158561488896,0
49157,9232662411955142784,144128383020744704,0
24579,9230972531305873664,288265562671546368,0
245784,13853919060617593216,432363157755887616,0
134234112,4503908867113088,288247971559112704,0
57359,13862503016695857280,432363159634968584,0
8199,9229565551525757312,432371954117345280,0
57359,13866866402820886464,216199172003561472,0
24583,13852792043998282624,1008859096310480896,0
57351,13511675120453504,432371954117345280,0
28679,16157087928784265088,1008929476866473984,0
12291,13843784861958016384,432398344007057408,0
61447,13849132886515515584,216199172003561472,0
49164,9234068738836267392,432371954117279744,0
100695047,1168896884706123712,1008929468276015104,0
28675,4785684605832896,144141577428860928,0
114719,2360945283809425504,108101785025036288,0
49159,9229846906277988224,432371954117345280,0
12291,6922455441077178240,288265566966513664,0
12291,13840970009064505472,288265564819292160,0
28678,4625479237245075584,288283154857721856,0
28675,13842658738711824128,288283154857721856,0
14339,16148079552707432320,864743911455981568,0
61447,13852792061178151808,864814280200028160,0
49159,9237728205624836480,288247970485370880,0
61444,4625479374649426688,864796685866631168,0
98313,9241950588034351296,72061992352890880,0
12288,2307391636981678336,1729452651425300480,0
28675,16155257164512887168,288283155931201544,0
114701,14074607860449408,144123984705781760,0
24579,2322029521314775232,144123985779523584,0
24579,13843784312150819200,432398344007319552,0
57350,6931463739903320000,144123984705798144,0
30723,16148501765172498176,864796694457090048,0
7,13849413931990254976,288247969411563520,0
14339,16145405514559259008,864796694456827904,0
61447,6931322383863120256,864743911456112640,0
122892,13862361695024840832,144123984705781760,0
28679,13852792061178151296,864743911456112640,0
16391,9241105561722818432,432363157487550464,0
114703,9251382121477976288,9187613720098906112,0
24579,13842376920104173952,288283154857459712,0
57358,13849626163509461184,432363159634968576,0
57351,13848851205346820992,432398344007122952,0
57348,13849414361457885440,864796685866373120,0
28679,4616611856364609408,288283154857590784,0
32783,10697956146545088,504429548155174912,0
28675,13840407162236436736,864726319270068224,0
57356,13866303753385148608,432371954117345280,0
30726,2319495146944594176,576566318305116160,0
49159,9237727862027454336,432371954117345282,0
61446,4625479134131257728,288283154857459712,0
40967,16154834642815422400,216185977058656256,0
28687,16176861202301329344,1008859099532492816,0
12295,2319777180435881344,288265566966513696,0
122895,9252084254138961856,504416353210384384,0
12291,16148079552708480896,432398348302090240,0
57347,13841813660887941888,576566309714919424,0
24583,13851384686266286464,432363159635034112,0
14339,2314568974016185088,576566318305116160,0
61446,4621538243972694400,288283154857721856,0
98335,35749229074321376,252216972698198016,8
49159,5067408597321600,432354360857477120,0
268492804,9229002051791356032,144264729710428160,0
196623,16888567328407936,432371953043537922,0
57350,9229565414120359040,144123984705781760,0
24578,9228157403564869248,288247971559112704,0
61443,16148360666806223744,864814280200290304,0
24579,9228157644066259072,288247971559112704,0
201355266,2313584112254845312,864937449125576704,0
122895,13862924687903297472,1801444249800065024,0
61447,17310079527257382848,432407144395046912,0
28675,13840406732722933504,864743907160883200,0
57350,9238572613341544832,432371954117312512,0
28675,4617034695884934400,288283155931201536,0
229401,9279105302145797664,36030996176560128,0
24583,13848992982313732288,216199172003659776,0
28679,4625479443470617728,288283159152558080,0
28675,13841532907499293056,4467808326473744384,0
30727,17307546149387767744,432398344007319552,0
62479,13866584966499143568,882811086524121088,0
49157,13844630094336753792,144123984974233600,0
57351,9231816801583628672,432371956264828928,0
32775,9237165152592201600,144123984705765376,0
32775,9241105630467458944,432371954117279744,0
57359,9251239760472572096,144141577965633540,0
61444,4621680081014624128,288283154857590784,0
49159,9238572613341545344,432363157487419392,0
49159,9228439514179961088,288283154857459712,0
134242307,4619286375405977984,432398344007057408,0
49156,9232661759062442240,288247970485370888,0
237583,9241105836694048704,2269820809398722560,0
28675,4616471969269810560,288283159152558080,0
12289,13838998945480573696,576566318305116160,0
49167,9233225344731841920,432371954117345280,0
57351,13839843456336265600,432398347228413952,0
28679,13842658962051172224,432407140100079616,0
67139587,7600494519262336,7349900983368941568,0
122895,13870950298378846176,9187358633401278464,0
57351,16155468610232155745,16249838477821100032,0
57351,13849413880429678464,2161754211027566592,0
24583,13851102730316154560,144141577965600768,0
12291,6934137820925657472,864796688014639104,0
28675,13843784312167596928,864814281274032128,0
30723,2310769388316270208,432363159634968576,0
24579,9228720645592843904,144123984705814528,0
12289,11531467155134480640,288265566966513680,0
114703,9238854242933932224,432398347228413952,0
28675,13848991633638428544,288283154857590784,0
1610858523,9254336449009942720,108092996582424576,0
57348,9223935570955207552,288247969411563520,0
28675,13842658395055718656,576566318305116160,0
57359,16168346584230665952,1405136278684483584,0
24583,13841954707622330752,864743911456112640,0
30723,16157649701848483712,288283160226430976,0
57348,14356306172313792,216185977058672640,0
4102,2315273503296717184,288247970485370880,0
61455,13849555923614302592,432398344007122944,0
30727,13512474052529344,432398347228413952,0
57356,9251240241458577600,144141577965633536,0
24579,9227876486939150272,144141577428860928,0
12288,2815230807638272,864726314974838784,0
57351,13849415048754109632,216185978132398080,0
7,9241105613287589632,288247969948467200,0
49159,9237446644749829824,216177180428746752,0
63495,6931463739928481472,144141579576344576,0
30727,3472417751063069568,864743911456505856,0
57348,13844347296489148032,432363159634968576,0
32783,10697114268991872,432354360857559040,0
57350,13844911380344344448,144141577965633536,0
16391,9237727930747977856,432371953580441604,0
16391,13849413949170123904,144141577965633536,0
8195,9228439462673907840,144123985242685440,0
8195,13843221508342680640,144123985779556352,0
28675,4618723751878463360,1585284664241815552,0
402780174,6944692522668531648,432371960023220224,0
57350,13844911380355878528,144123984705781760,0
24591,16176790249378160576,4395517634628575232,0
253983,13903604969090334704,108101785159254016,0
16391,9237727913567061888,144123984705781762,0
28678,2319495121217785728,1441204663759536128,0
57358,4639553810714329280,432371953580572672,0
61446,13849415048684896448,144141577428860928,0
24578,4503926101510016,432363159634968576,0
1,16145124202824861312,432371953580441608,0
114700,9241105011929252224,900757315446898688,0
122892,9234070250761224320,144123986047959040,0
61446,9238713368043324800,288265566966513664,0
24579,9231816801617184128,432371954385780736,0
8195,13851103829889646720,288283159152689168,0
16391,9237446730648125568,432363157487419392,0
61447,16146249948111832960,432371954117345280,0
122892,13844910280802305920,432363157487452160,0
49158,6192964890001792,288283154857459712,0
16386,5066858841507456,144123984705781760,0
67135490,5348625959886464,2449984587179294720,0
3,13839984949725233536,288283154857721872,0
122895,9252366003926466976,468400751136317440,0
24579,16146249759133278080,432363159635230720,0
24583,16154835020767297792,576566309715443744,0
24583,9230972737452771264,432371953580572672,0
98335,4640679710772174528,72061992352899072,8
114719,13889526787699380192,108092988260884480,8
61447,13849413863249809280,1585319848613904384,0
61447,13844911380339097984,288283155931267080,0
49157,15481793795851392,432363159635034112,0
51207,6932025865181071232,864814280200290304,0
57348,16150331043255159168,2161736617767747584,0
57350,13839843421970236352,144141579576279040,0
16387,9229846906277987968,432371954117345280,0
245768,9241530497231753152,216181579817451520,0
122888,4630545975786605696,144123984705781760,0
24578,13840406681242046080,288265562671677440,0
63495,2315273305728221568,864796685866893312,0
14339,13843362443334520704,288283159152558080,0
16386,9228438689542046080,288247970485370880,0
12289,13838436287644698560,144141577428860928,0
7,13852793023284380800,432371953580441612,0
6,4628434870596537536,216185977058672640,0
402782223,17307546411314186208,504535114693476352,0
61447,16154835751088963520,8286636510111956992,0
28679,16149979757850664768,144123985779589120,0
30727,2319848090181308288,1585284662094397440,0
57350,9233364999855931776,432398342933315584,0
28679,13848991917098926272,432398344007319552,0
28675,6931323483346436224,432468724563050496,0
402782223,16154623802900744160,504535132947349504,0
49156,9232379785900984192,144123984705765376,0
16391,9234068807643826304,216177180428746752,0
24583,9233225361971482240,144141577965633536,0
24583,13848992776159497920,216185977058672640,0
63495,16154695314105698240,1008859100605710336,0
63495,16154554555210141632,1008859100605710336,0
114703,9242232226227690592,216185977058639872,0
28674,4616471694388758720,144141577428729856,0
28679,4625619639725982080,288283159153082368,0
245791,13889383851202447040,216199172003561472,0
49167,9250677300094566432,108090789640339456,0
24583,9234069305869470912,72061992352890880,0
61447,13848992741736849344,4467623610131021824,0
16391,9237446850844295296,144141577428860928,0
16391,13849413949174318208,288247971559112704,0
57351,16154834745991104640,432363159635034120,0
122904,13889949025889684672,216203569244717056,0
30723,2311332372619985152,576566309715181568,0
12291,6924707034750256512,864796694457876480,0
57359,16172709403377534912,216199172003561472,0
61455,6945609481075564480,1008832708031414272,0
57350,16155397970721767808,432398347228413952,0
12290,4616189996039143808,288247971559112704,0
122911,13862925856226152384,504429550302724096,0
24582,4616471625617899904,288265564819554304,0
57350,5348900795844224,144123985779523584,0
402780164,4625197392876539840,2161754212638261248,0
28674,4616189961683599616,288283155931267072,0
229407,9251380497910597312,216181579817517060,0
57350,13934686454684608,4251406845941415936,0
16387,9232098156327472832,3602888498794774528,0
30723,16148149655139524480,4323508425276653568,0
28675,6924707515751989632,864726319269937152,0
57348,13849554549160804736,432363159634968576,0
57350,4625620739208251328,792642332120940544,0
14339,17301915829490163648,4467623613352378368,0
98312,9241387586484703104,144115188344307712,0
114703,28573060419305440,8755004272812240896,0
61452,6935968988827492288,216185976790220800,0
61447,9236883626075885440,432371956264927232,0
537116681,4638990242294011712,8142512524600819712,0
61455,16150050083603218560,432363159635034112,0
57348,4620975294086383488,288283154857459712,0
8195,13839984202414555520,864726317122715680,0
57348,4621538243972694272,864726314974838784,0
49159,9237728136905359744,432371954117345280,0
24583,13852932738571571072,864743912529854464,0
61446,13792806436864384,288283155931463680,0
114719,9295152064604151776,108092988529336320,0
24580,13844910813403414592,72061992352890880,0
57348,9232942838946205312,144123984705847296,0
57346,9227876014453948672,288265566966644736,0
268558340,13844910538491953280,144194360429379584,0
57359,13849414361454477696,432371956264927232,0
8195,16148501284036542848,288283154857721872,0
8195,9229565551555118208,144123984705798144,0
8199,13852793160787296448,216185978132414466,0
16386,9228438895692088192,432363157487419392,0
3073,17297200801430635264,1729487822912225280,0
57375,13906836356253352160,108090789640372228,0
49158,5067477325185408,432371954117345280,0
57348,4620975276810045312,144123984705781760,0
229385,27586231380477824,792646729362063360,0
268562436,13849414155333797568,144124000812072960,0
28674,4617175450553157376,864796685866893312,0
16386,9228439514179961216,432371954117312512,0
122884,4620693784637735872,144123984705781760,0
24583,16154834677203468544,576566309715443712,0
28675,4613656377630392576,576566309714919424,0
114693,9234068738869823360,432371953043554304,0
57348,9237727930798313408,216185976790220800,0
24579,9228720714295545472,144123985779556352,0
7,9240824086747154368,144123985242685444,0
98335,29134373856747312,8124497026546143232,0
49156,9853325124043968,144123984705781760,0
114700,9232942856118732480,216181578743709696,0
122895,2333287970627387584,144141577965633540,0
134217730,563740284027136,576460756598390784,0
122888,4620976367797799104,2089683422044782592,0
114696,9233225344703530944,144123985779556352,0
12289,11536252246935208320,288265562671546384,0
28679,16157156785574118272,2017858936553078816,0
24578,13842658412260753792,864743909308497920,0
57348,13849414155324360576,432371953580441600,0
28673,4614782552440307968,288283154857721856,0
30727,16157157953872338688,2017718199063937024,0
805433356,6944975032664457264,2414364823518576640,0
61444,4620976367766346176,4179366844089565184,0
268496902,13511657932195712,144128383020695552,0
28679,17307335051685404544,1297045490386436100,0
57348,9233224880884813440,144132783483256832,0
49167,13870948236593202112,216185977058672642,0
49155,8726239688786304,288247969411563520,0
49158,9237446387004605312,144123984705781762,0
49156,9237727569936122752,432371953580441600,0
98314,2333147233080319872,144123984974200832,0
30723,9227876169072771456,288283159152558080,0
28675,4617034558387257600,864743907161145344,0
28675,13852229111259333824,216199172003659776,0
24583,13852229738328755584,432363159634968584,0
67139590,13845474433425211520,144379086972911616,0
14337,16145123704574050560,576566309715443712,0
536985613,15200164169908608,432354361125912576,0
30723,16154483911575470208,432398347228938240,0
61452,2333076838574727040,432398342933446656,0
49167,13844348404585465792,432354360857493506,0
30723,9230339143889849472,288265566966513664,0
28679,13848992836221928832,432398344007122944,0
24579,13840407007584059776,288247971559178248,0
7,17308390024645975936,288247970485633024,0
28679,16154834642845303744,432363159635230736,0
49159,13848852004244819904,144141577965731840,0
57359,13867572383775199168,216185977058672640,0
61446,6927523158972960128,288283155931463680,0
61447,16155469589402619328,1008929476866473984,0
114719,9288115645241622912,216185976655994880,0
57350,13848851153792534464,432371954117345280,0
258079,13853497982073180096,2233789813490728960,0
40965,9238572750763721088,432371954117279744,0
61471,16204375991228571616,972784116716015616,0
122911,16204377030542233568,684553740832759808,0
61446,4626042118479021952,432371953580572672,0
61446,4621117105388928896,3602906091786141696,0
20483,16149627871170658688,864743911456112656,0
98335,54329051503394848,54046494163992576,0
7,16154835845431427200,288283154857459736,0
30723,6756069589126336,144123985779589120,0
15363,17309797158927470464,432398347228413952,0
4099,16158776778644528896,864743908234592258,0
30723,16148079552641369984,432398347228413952,0
114696,9233225361949460608,2161736618036215808,0
8195,13843784312201151872,432371953580572672,0
8193,13841814056082607296,144141577428729856,0
57350,13849413880430727040,1873506241616117760,0
98319,9238572613341544640,216185977058639873,0
32771,9228439101846323584,288247969411563520,0
30723,16156876431781535616,864796694456565760,0
122911,13862925847569106880,504429548155273216,0
114700,9228720301936738688,864743907161145344,0
16387,9231816767196627200,288247969411563520,0
14337,6756327216906496,864726319269937152,0
30727,16154695004935163776,864796685866893312,0
49165,13850539849073821568,432363157487419392,0
61446,8079881644857626496,288283155931463680,0
57350,13849414344277754240,288247971559178240,0
28679,13851243742749527936,432371955728056320,0
229385,10697114294157504,72064191510355968,0
28679,16157087555096940480,432363159635034112,0
49159,9229565139225675648,432371953043603456,0
114700,4626041912293330816,2017630226321833984,0
57359,16168345965679345792,432398344007319552,0
16391,9241106042785369728,144123985779589120,0
49167,16209447978572201824,108092988529336320,0
114695,9240261411688419264,504433946470170624,0
30723,6922877979976533760,864726319269937152,0
63494,2315132353491501440,864726317122977792,0
57382,4625478893621479296,432363159634968576,0
28679,13849555098947027072,432371954117443584,0
28679,13862505215853332672,216181579012161538,0
4097,16147938797942738688,864726319269937168,0
245777,9278261323893835712,216185976521777152,0
28675,13843784037264523648,864743911456112640,0
28675,13843502819985850752,864743911456112640,0
57350,4621117105254698944,216181578743775232,0
114701,9252365093400743552,144123985108418560,0
49159,9237446868053524864,432398344007122944,0
16399,9241950536407713344,72061992352899072,0
12291,13842658395080884992,864796688014114816,0
16387,9230690901676785920,288247971559112712,0
245791,13853920297596489408,216185976521768960,0
24578,4614219533742244096,288265562671677440,0
16391,9238572630556016832,216181578743775232,0
24579,4618723219282593664,864708722789056512,0
57351,13849414344311308672,432398344007122944,0
57351,9236883694795360128,144128383020744704,0
28675,6924707490004209600,2161745416545239040,0
49167,9252084236890931584,432371953311989760,0
12291,17309586868721946496,144123984705781760,0
122895,13862927428289044416,2233798610120663040,0
122887,13849413949146009472,2161754211027550208,0
57351,13848851170991278016,2233789813490728960,0
8195,13839984820889845888,288283159153082400,0
7,13868555278450953792,72061992487116800,8
57350,9238572767960367488,288283155931267072,0
63495,2319777180284886720,432398344007319552,0
114719,9287270155306147824,36030996176437248,0
57359,9250676810468820672,144141576891826176,0
122895,13862363357249284016,8682946678908534785,0
61454,6931463739861368960,432371955728056320,0
24583,13849413949175367552,288247970485633040,0
114697,9251238729630089408,216185977058672640,0
16387,5348625889627968,72061992889794560,0
3,9229846906244432000,144123985779589120,0
258063,13844910761831301504,432398348302286848,0
268435460,4785590002253952,288247969411497984,0
57351,10978314430710144,432371953580490752,0
49159,9237728205625886400,216185976790220802,0
213007,9241106042785367488,216203570318524416,0
8195,13839843714066809984,288247970485370880,0
268558340,4620975293989916544,1008823911938260992,0
30723,7037750622552832,864726317122977792,0
28675,9228087352733207936,864796694456827904,0
63494,13845755994314903424,432371955727990784,0
24583,13849413880506228608,3602906091786125312,0
114701,9250676776109082560,72064191510355968,0
28675,4617034644346372544,288283159152558080,0
53254,13849132457017738624,432363157487419392,0
12295,16154553760590335616,432363158561488896,0
32772,13844910744637800576,432371954117279744,0
245784,9277840769286669152,108092988260884480,0
134242310,4785676007509888,432371953580376064,0
268562444,13849413949150203840,4539760367395504128,0
57351,13849414980152082368,8286636509306601472,0
49167,9008900127850688,216185977058672641,0
1610858520,27445519759969376,108094088108056576,0
57358,13844347296515359104,288283154857721856,0
24578,13840406732739708288,432371953580474368,0
61455,13862364547084459968,216185977058672640,0
24583,13840407024797484928,432363157487419396,0
122895,9251240250048512384,432407140100145152,0
30723,2312739446814936832,288265566966513664,0
402911260,16168417438261313648,2414100940727910400,0
268558344,9250958285432948672,72064191510347776,0
114700,9232942787395061184,792646729362063360,0
28675,13843784862025125248,288283160226430976,0
114703,9252365729098895296,1369107481665519616,0
57359,9259120372512456832,432371954117345280,0
507961,9234350368428654784,216203572197556224,0
24579,4363119839150336,864726317123764224,0
28675,4616471367940833664,288283154857721856,0
28674,4616471694387708160,288265562671677440,0
28679,3467914125674286976,288265562671546384,0
134279170,4618723219285739392,288283159152295936,0
32773,13511108134436992,144123984705781760,0
49159,9228439101846323456,288283155931267076,0
122888,9232943938449442688,432363157487419392,0
24579,13842658824612217216,432398344007122944,0
16391,9238573438076977344,216185976521777153,0
49166,9242232200376615040,144123984437329920,0
49167,13844347880647691904,432363157487550464,0
196671,57987195385417696,2269821908977463296,0
16391,13842095805981269824,3674950490879197184,0
30727,16154834960672360320,864796685867155456,0
3075,17327602864976035904,216185977863995396,0
57351,13852933769430830464,432398348838961152,0
126988,13853918029843274176,4539676803706404864,0
61447,4643635472821650880,432354360857477120,0
7171,17310079527392123072,432468722415304704,0
24578,9228720387882223488,432371953580441600,0
24578,9228157626861224192,864743907160883200,0
16390,9232943405962625216,144123985779589120,0
24583,13850539711580340608,288283159152689168,0
28674,4616753495752573312,288247971559178240,0
258079,17312049186309939136,4467597219704537088,0
14339,16148501129391505664,864726319269937168,0
49167,4622664624869736576,432363157487550464,0
16391,9238854105599838336,144141577965633536,0
28679,13851666144091439488,864743908234690560,0
1,17310079462917291456,432398347228413952,0
253965,9250395335529865152,4251413441803214848,0
12291,4614219688419787136,288247970485370880,0
28679,17310008333778813312,1008929468276670464,0
24583,13851667123378585984,432407140100079616,0
49157,5629740054479104,288247971559178240,0
98319,9233224228015181696,720589134787264512,0
49159,13848851153807213504,432398342933446656,0
124959,17362436003364085696,4467597220509708288,0
28679,6927522471674380672,864726319270133760,0
28679,9258840048640459136,504433946470170624,0
57350,6931884629441904896,288283154857459712,0
49183,13898961662764384352,108092988596428800,0
201390086,9290349338959744,3891136467400916992,0
49167,9250957649730601344,432371954117345282,0
126991,16156523879252627424,4575734187625046016,0
57348,9223935570971985024,144123985242685440,0
98319,13850540124027231936,2522028986272366592,0
31747,17300719590861442944,2017858953732947968,0
507967,9260247509499904064,108092988529336320,0
12291,4616471694408682624,432363157487419392,0
268558348,4620975294010886016,432363158024290304,0
4099,16157510270030184832,288283159152689168,0
114701,9251239829140668608,216185977058672640,0
32783,9233224743387136128,144141577428860928,0
28679,16154835776783257472,432398344543895552,0
61446,2319495396054271936,432398347228413952,0
229385,9252083480913772672,216185977058672640,0
8195,13851243467779346304,432363157487550464,0
4097,17298256895268622208,2017718199064723456,0
28675,16148079561222918016,2017665416062959616,0
61447,9237306130566217920,432371953580572672,0
1610866696,9250957185898250304,72132369150214144,0
229395,57987246920305856,108092988529324032,0
57358,9252505779279233152,432398344007057408,0
8195,4617034713064800384,288247971559112704,0
49157,9229565414078416768,144123984705781760,0
49159,13848850904701734848,2089674625414873088,0
114701,9232943886936048832,216185977058656256,0
49159,13844489133553094592,144123984705847296,0
122895,13848992767502454720,216185977058639872,0
28687,16176439037010904608,216199173614469152,0
114700,9232942770201559936,432371953043537920,0
8199,16175104148494622656,216185977058672640,0
24578,13840406956052844416,1441204659464306688,0
12291,16145686809179848960,864796685867155456,0
268558348,9232803115125709760,4251411243182620672,0
28676,9289241237393856,4179349251903520768,0
14339,17300719590860392320,864796694456828000,0
24583,16149768411159203520,504429549766180864,0
114693,9238572750780498304,432371954117345280,0
122895,13849555098947027328,1008859100605710336,0
114692,9228157472267568768,432363157487419392,0
49159,13849413949174321024,432371954117312512,0
3,16154834677203468544,288265562671415320,0
49167,13844348395997630336,432371954117345282,0
114695,9240824567775101120,504429548155273216,0
122895,13844911449109962688,216185977058672640,0
16386,13840406389133936512,288247971559178240,0
57351,13848991736710300032,432371954117312512,0
24583,13848851394320138624,432363159635034112,0
14337,13842658188920357120,576531133933027328,0
16386,14075432498366336,288247969411563520,0
126991,16168064525132111808,4539641619334332416,0
57346,13841532924695938816,864743908234690560,0
15363,12689385416154941312,864796694456827904,0
98316,4639554223031189888,432371954519900160,0
28679,16150332177088774784,432363159634968584,0
24577,9227313064517305600,288265562671677440,0
24583,13848992741741567936,216185977058656256,0
61447,16154834685860515712,864796688014245888,0
16391,13852933760840900224,432363159635034120,0
63495,3472416625753329536,432363159634968576,0
114703,9251238660910614464,216185977058639872,0
57359,13848992157617095040,864743912529854464,0
114703,9241953766233604160,72061992889794560,0
1342431257,13862503574974496832,108231543503388672,0
24579,9229565001803498880,432371954117312512,0
24583,16155257164512887040,864743907160883200,0
57346,4617034420971373312,576495943118225408,0
32775,9238572338497193856,432354361931235330,0
122892,9233225344732891008,144141577965633536,0
14339,10383331017239822720,288283154857721856,0
122892,13862362279148789696,1369107481665486848,0
1879568400,9218850951266432,144181164142493696,0
16391,9229564864330989696,144123984705781760,0
49159,9237727861999144896,2233798610120638464,0
8193,13843784724518274816,864726319269937168,0
67170310,13844911449058574720,432376352163823616,0
24583,13839562505345565056,432398344007057408,0
100695043,3463691202151318912,864796694457876480,0
24578,13840406664020230272,144123985779556352,0
122892,9233224605964959872,144141577428860928,0
12291,4618723184917610752,288265566966513664,0
3,13842658549712292992,144141577965633542,0
28679,4621539549630169472,864743911455981568,0
114719,9252366141432529088,72064191510360064,4
28679,8084384625991877376,864796694457876480,0
268562456,13853920237595402208,1080877105513807872,0
24578,13840406663990872448,2161745414397689856,0
516144,13871933527864381376,216185978132398080,0
57351,13849414344277754240,432371954117312512,0
24579,13842658824611172224,864726319270461440,0
122894,13839984125079978368,864743911456112640,0
126990,6981075431151111360,216185977864028160,0
57359,16168348190644379584,1297045489312694272,0
57351,9237728188411412864,432371955728056320,0
134279173,9232942787411838912,72062000137961472,0
24578,13840406715531528640,1945568233968926720,0
24578,4617034558387257728,288283154857590784,0
24579,9230127951719170432,288283155931201536,0
57351,16158636032499124160,432371956264927232,0
98319,9242232011414309088,1513213873111449601,8
49159,9237446868054573248,216185976790286336,0
24582,4616612431846703232,288265562671546368,0
15363,17302197334539509632,2594126168366252032,0
28679,13849414361458672000,432398347228545024,0
28679,9231817368545529728,2161789395399639040,0
57350,9227876718845362560,288283155931267072,0
16387,11536815265608106368,864743907161145344,0
98319,18578499596979904,216185977058672640,0
114703,9237728136872853696,216181579817517056,0
61447,4625620739303673216,864743908234887168,0
49157,13840406956044452736,432371954117345280,0
57348,9236883694761804672,432363157487419392,0
57351,9238572338480418688,1585293458724126720,0
114700,9250676260771727200,108092988529319936,0
24582,4616471694366740352,288283155931201536,0
57348,9852225532725120,720584737009270784,0
24607,13869824608922508336,54287295431442432,0
49158,9237727638655598976,288247969411563520,0
57348,9238572200997421312,288283155931267072,0
98319,9233224262400083648,216185976521768961,0
114700,9237446850873655424,144141577965600768,0
24583,13840407024797483392,288247971559112712,0
491583,66430078912301024,252216972765306880,0
4103,16150753839801176960,4251411242645733376,0
30727,17301071494677267328,864814280200290304,0
61447,16157158233037342656,1008929476866605056,0
12291,13842236062390288768,288283154857590784,0
258077,13889949025923764192,108092988529319936,0
57351,16155397902034798464,864743912529657856,0
16391,9241107142364106176,216185977058672642,0
201351174,9008359029604416,144141577428664320,0
28679,16145827761409230784,432407140100341760,0
1073987592,9571231566135360,72061995842732032,0
247821,6946662847588868032,216185977058672640,0
49167,13848991642221021056,432371954117443584,0
28678,4616612500561985920,288265566966513664,0
49167,9252365179288551552,144123985242685444,0
16387,9230690695518357376,288247969411629056,0
30727,16157087860064788352,1008929468276146176,0
24578,4617034713065852096,144141577428860928,0
61444,14074607847868288,144123984705781760,0
122894,4629983043030876288,432371953580572672,0
63503,2332865732392521664,432378553603129344,0
49167,9251239279398489216,144123984705847296,0
28674,6755914868588800,288247969411563520,0
28675,13843925599383454080,864743911455981568,0
122885,9231816526680555904,432363159634968576,0
24579,13839561964203804416,288247971559047168,0
114700,13849132869302091968,144141577428860928,0
49157,9007800622518592,4107287258476838912,0
98313,10696701989881472,144123984705781762,0
49159,9237305924406739328,288283154857721856,0
61447,13849415461003854208,288283159152689152,0
61447,16154835776716146368,432371955728056320,0
114700,9233225361900177344,216185977058639872,0
31751,17309586112757368704,2017718199063674880,0
28678,2315273022310714496,288283154857590784,0
24582,13839562221881919360,144123984705781760,0
98335,9288394938384384448,432371954117345280,0
229407,28712200012040128,648524943813779456,0
122895,13862363318585393344,432363159635034112,0
55303,16150754389620952704,432354360857509888,0
57359,13863066997374321024,432398344007385088,0
24582,2310769663173199808,432363157487419392,0
245775,10696701973104512,1008832706420768768,0
32773,4504252489662592,144123984705781760,0
57351,13839843610937262336,288247971559178240,0
57351,9236884536660332224,216185977058656256,0
32775,9229564864330990464,432371954117345280,0
24579,4616471419505608576,288247970485501952,0
57351,16154835192608989056,2449984586642423808,0
57359,13862362210358002048,288283154857721856,0
57351,13849415048737329088,1657355450808631296,0
24583,13849413889045824128,432363159635230720,0
28679,16154413538548912064,432398347228282880,0
8199,13844910761864855680,432363159635230720,0
49159,8445314484666752,432371954117279744,0
49156,9233224313914525568,144123984705798144,0
28675,9230972943619588288,432371955728056320,0
57350,13862503094005270720,432398342933577744,0
131135,9260248609007338432,108092988260888576,0
57350,4619286375389200768,864743908234625024,0
24579,9230550524965683968,864726319270068224,0
61447,16154693879536288128,864743908234887168,0
30723,16147868454965216128,864937449126100992,0
67139587,2310769697519308544,576531133933027328,0
3,16149769639519325888,432371954117443588,0
16387,9226187027144245504,864726314974838784,0
61447,4625619639725982400,432363158561488896,0
28675,13842658755943079808,432398347228545024,0
268492802,9229846339316092800,1873506241616019456,0
49159,13840406956044453760,288247971559178240,0
57350,13840406681174935168,432363158561357824,0
24578,9229565414120359168,864743907161145344,0
57359,15016060116332970176,432363159635230720,0
57351,13849414980009463744,1873523834875904000,0
24578,9228438964419952896,288247969411694592,0
537131032,16168910015239290976,4828342618944176128,0
114701,9234350402761130048,216181581428293632,0
61454,13862362279147741056,144128383020720128,0
98319,9252506681285280128,432371955728056320,0
4099,13841814021724964800,144123985242685440,0
28679,16158775404229828480,4467597220241260545,0
15363,17307475230862610304,432363159634968584,0
8199,16157087001008414656,2161754210490712064,0
28675,16149205461138147200,1008859096310546432,0
8199,13849414361428263296,288283154857590784,0
49158,11538504811249402112,288283154857721856,0
57358,13867570597001691584,432371954117345280,0
28675,6924566778297190272,432407140637016064,0
28687,16176298252347903936,432407140100341776,0
57348,9232942770209948032,432354360857493504,0
57351,13848569713222747008,432371954117312512,0
16391,13849413949174318976,288283155931201536,0
114703,9254758206288170976,252208176605192192,0
57350,13511683711959168,432363159634968576,0
57351,13844911380340148096,432371954117345284,0
98313,10696976859398272,144123984705781760,0
57359,13867570124597759936,2161754211027615744,0
122895,13849413949175369664,216185977058639872,0
268558351,13867570124757417840,8124497026445475840,0
30727,2319566589498756992,864796694456827904,0
28679,2319636227996778752,576531125343354880,0
49156,13849414344277754240,432371954117345280,0
122892,13863066585057460416,432371954117345280,0
114696,13844910830601116736,72064191241920512,0
12295,16158775816504739776,432407144395309056,0
49159,13844910761817670016,288283154857459720,0
114703,9237447435061563328,2233789813624954880,0
114699,9570733359368384,2233789813490728960,0
49159,9237446713459869568,1008832706420703232,0
24578,9228720370664604544,288247971559178240,0
28679,13840547418689505152,288283154857590784,0
28679,13849415048749908096,432371954117345280,0
114701,9233224537245483648,144123985779589120,0
49167,9255321156241592256,216185977058648064,0
536940556,4639131503795638208,1945559437875888128,0
24579,9231817351331053952,288247969411563520,0
134246403,13842799493350694784,4323508420981424128,0
16387,9228720645592844032,288247969411694592,0
98317,10697801526673600,216185977192865792,0
61447,4625620696287938432,432398344007057408,0
24591,13853496032116604992,144132782409646080,0
32775,17452101456103104,72059793195405312,0
12291,9228298450374755712,288247971559178240,0
8195,16147797527874240768,864796685866893312,0
49158,9237728343064838336,216199172003528704,0
114703,9251239829141717184,216185978132398080,0
57351,13849414370046509184,432398347228413952,0
4097,16147798077646835584,288283155931267076,0
57351,13849414155333797824,432371955728056320,0
134242306,13842658343525548160,432503901418160128,0
30723,16148079561218723712,2161780604138815488,0
196638,4666014047812460128,2413932699006799872,0
30723,16157086760486044032,288283159152558080,0
122888,4638990242327564224,216185977058672640,0
126991,16168419152022736576,504429550302855168,0
28674,2310347175811352960,1873506241616117760,0
24579,9231816801566851328,288247971559047168,0
28675,13839844195103146368,288247971559112704,0
134281223,16156242249722104928,4828729681397940224,0
268492806,9227876495533278912,144123984705781760,0
57350,9237728188436582272,1585293458187288576,0
32775,13849414361491177856,288283154857525248,0
245791,9251240250002374848,432371956264927232,0
57351,13849414155300242368,504429548155273216,0
24578,9228439239308347136,288265562671415296,0
16391,9232943337179186304,144123984705847296,0
16387,9228439651602137344,288247971559112704,0
28675,4617034558387257600,576531129639108608,0
28679,16154695039269736320,432371955728056320,0
49167,9251239760422241472,216185977058672640,0
245785,9250676784737292256,2125705621591310336,0
49154,5067065006227712,288283154857459712,0
57348,7318864796844416,288247971559178240,0
28679,9237164980794556608,144123985779589120,0
98319,14074676580974784,216185977058639872,0
8195,13838154589292987136,576566309715443712,0
196639,28712217217598176,108092988529336321,0
57348,9229564864330989952,288247971559112704,0
122895,13849555726084083648,2233816203380424704,0
24578,9228439514179961216,288247969411563520,0
805429260,4629560220617539712,432363171446784000,0
28674,6922455441078226304,288283159152689152,0
28675,16143576159171381120,2017665412841799680,0
57359,13862503815493190592,216181579817615368,0
114703,9240824000813203840,432371954117345280,0
49159,9238855205044357056,216185977058672640,0
49156,13844910332329328768,432363157487484936,0
24579,13842658755891691904,432363159634968576,0
245791,13853917995546447808,108092988529336320,0
6145,16143998234197499008,288265566967037952,0
253968,13889526770603401120,1765413253086715904,0
3,13842658188922454912,288283155931463680,0
14339,2312598735113162368,432363157487550464,0
24583,9232943886935000192,144141577965633536,0
114719,9252085903406407520,108092988327985152,0
98319,6936389070980382912,144123984705781760,0
57351,9238854242967486656,144141577965633536,0
16391,9232943955655524480,216181578743726080,0
57358,13793356222038400,432371954117246976,0
61454,6935966789800037504,144141577965600768,0
61442,6922455140413735040,288265573410275328,0
16387,9228720731470171200,144123985779556352,0
8198,17302971107206237952,864726319269937152,0
49158,5067064991547776,432371954117345280,0
402716678,2310488196769648576,1873523836486615040,0
24582,9233365480866054400,864743908234690560,0
49156,9237727861999142784,720584737009205248,0
24579,13840125532607349120,432371954117279744,0
61455,6926960140232951680,288283155931463680,0
122895,13862362244784857024,4251411243182637056,0
57350,9233224313906135424,432363159634968576,0
49167,13849414361491177856,432407140100145156,0
1,13843362142695734848,4755810002596265984,0
61447,2319637052732214976,504429548155207680,0
61446,6931462915193045760,864743907160883200,0
57348,13845754757273095104,4251402446552711168,0
28679,16154834960672358784,864726319270461440,0
49167,9251240241454383296,432371954117345284,0
536993804,9237727793259216992,108310708072022016,0
16391,9237729030300503936,144123984974233600,0
28679,13844911431878705536,288283154857459720,0
16391,9235476680889343040,216181578743775236,0
57348,13844628788649921664,144123985779523584,0
14339,17309797953597620160,8214592111824273408,0
114701,9232943886977994624,144123984974233600,0
24582,13841251535591309856,1729487814321766400,0
61446,13792875211919296,216203570050072576,0
24579,13843784630029782912,2161780600917327872,0
7,13849415048736280192,144141576891826178,0
98316,14355893893203072,144123985779589120,0
24583,13849413949175367552,432363159635034112,0
8195,13843925608036304832,432371954117443588,0
126991,16168348199232737504,9151376017078714368,0
49159,13849413880430727040,1585319848613969920,0
8199,13844348430386724992,144132781335773192,0
122887,13844066345491103872,432398347228413952,0
57348,4616471677182676736,2017630226321899520,0
16391,13850540261351883136,432371954117345282,0
122895,13863065975181025248,8718973277575331840,0
30727,17327671094826504128,144141577428860936,0
402780166,13842658343541277056,144124000812335104,0
201390086,2313021153703100608,4756109103045935104,0
28675,16149627321364513664,864796694456827904,0
114703,16168346575597207936,432398344007319552,0
8195,13843784312201154432,432363159634968576,0
122892,13862925778916740288,144123984705781760,0
24579,4644912707405760,144123985242816512,0
30723,6756249953112000,1297063084183060480,0
12288,4611967613728195328,576566309714657280,0
57351,13851667260817539456,432398344007385096,0
63494,2315133384317206912,432363157487419392,0
28674,4616471402283794688,576566309715181568,0
61447,16154835776783257472,432407140100145152,0
24591,9250535488932024192,144141579576279040,0
28674,13840407024797484928,288247971559112704,0
28675,6921892010045473024,576531133934075904,0
24579,13841813729620002176,1008823909790777344,0
7,17328869511238533024,36030996176445440,0
114700,9233225344702484352,144123984705781760,0
32783,28711607382052800,72061992487116800,0
14343,16154835845501685120,864796688014639104,0
45070,16155257370646151552,864743911456505856,0
24583,16154835227027442816,432371955728056320,0
49159,9229565001753166208,288283159152689152,0
24583,6926819471531180416,432371953580572672,0
30723,16158072120439472512,1008929476866473984,0
12291,9228438964424147712,864726317122453504,0
61447,16157087928784258240,432371954117345280,0
16391,13851102730316154816,432371954117345284,0
49156,4621538639046770944,864726314975100928,0
126988,2324282944628727872,9151567330893914112,0
122895,16156523810532624256,432371954117345280,0
8195,13842236268531944832,288283154857721872,0
31,9287270696530481200,54046494197559296,0
57351,7600219539636608,432363159635034112,0
32775,9238572750780498304,432371954117345282,0
57359,13844489167875081344,432398344007122944,0
28678,4616471608442224896,288265562671415304,0
24583,13844348499105153408,288247971559112704,0
24579,13841251569927979264,288283154857459712,0
16387,4616471402300571904,864726314974838784,0
57359,13844347588521754752,432363158561488896,0
61447,9237728205624838016,432371954117312512,0
28679,16154693939706726272,288283155931201544,0
24582,9571214387315072,288247971559112704,0
28678,8084384488519368960,864796694457876480,0
24579,9230972806183784320,2017665412841472000,0
30727,12686641000810024832,4467623610131283968,0
8195,13842658188922454272,288265562671546384,0
61447,16150331567168815360,864796685867155456,0
122892,9233224262371774336,432363157487452160,0
57350,13840406681170743168,432363157487550464,0
127004,2333006177756516272,108099586270363648,0
49167,9251239829208827072,216181579817484292,0
28674,4616471402300572544,288247969411563520,0
16391,13849413931994451840,432371954117279744,0
939782168,6971996660833460704,9007203653190156288,0
24582,4620975294019276672,288247971559112704,0
57348,4504183799547008,144123984974200832,0
24578,4616472175394685312,288283155931201536,0
12289,6920203366402360576,864796688014639104,0
196639,13891074994708946624,216185977192865792,0
57351,16154834960672360320,288283154857721856,0
28678,4504475865712512,864726319269937152,0
134246403,4616612715319791488,4467623610131021824,0
201355267,9230972393833366272,2017718199063674880,0
201455647,16210851457622613984,4575672615040983040,0
536985605,9238572613376149184,216179379586211840,0
61446,6931463026863244224,1008859099532361728,0
536993800,9250395335550832576,216179379586220032,0
245791,9252083549662609792,216185977058672640,0
24582,13840406938889749888,288247971559112704,0
98319,14637763972300928,216185977058672641,0
57351,9238572613375100800,864743906087075840,0
28675,13842236620703531392,864796688014639104,0
122894,9251239829208827072,216185976790220802,0
7,9228720989190229376,432354360857493504,0
57351,13848850930502467968,432398342933577744,0
49156,4621538226792825984,144123985779523584,0
805552152,18299189269635056,2071656928102055936,0
24583,13849976899094184064,432371953580572672,0
24583,13844347854903054208,288247969411694592,0
28675,16147656979398002432,864726319270068224,0
49167,9232521683060917440,432398347228545024,0
28682,4616471625622094208,288247971559112704,0
61447,16158775807881249152,1008929469350412288,0
49156,9232942770285448832,144123984705781760,0
229407,9277416933256332224,216185976521777152,0
28679,6922314634835788032,864726319270461440,0
57348,4620975276814239360,144123985242619904,0
57358,13867429430015558016,432407140637016064,0
61447,13844910280865225600,3602888499600130048,0
114703,9256868641447608512,216185977058672640,0
12291,16148079621360844928,288283159152689168,0
12291,13839561964212191488,864726319269937152,0
24578,9226187319229285120,864796685867155456,0
57359,13862502990860523616,4575720993217060864,0
114697,9570750557062976,72061992352890880,0
63495,13848851420124545408,1008859099531837440,0
49156,9228438964424147328,432371954117345280,0
57350,9228439050306716032,288283155931201536,0
16387,9229565345400882816,144141577965568000,0
122894,16168346575598256256,432363159635034112,0
30727,3472416651544102784,864743911455981568,0
14343,17321058597537320064,432398347228938272,0
28674,5348883615973632,864726319269937152,0
30723,6922314703606644864,288283159152558080,0
61455,16172850183883198400,504433948349267968,0
402780164,4621538312692171520,2017718199063412736,0
28675,13842095531060365184,288283154857590784,0
12291,4618442294106785664,864743911456112640,0
134279174,13849555717522984832,432407140100079616,0
57350,13839984949738865024,288283159152558080,0
24579,4617034695884932352,288283155931201536,0
30726,3472769603391732864,5044084365656326144,0
253983,13889946826899982144,72070788982816768,0
30722,6922455716023246464,144132781335838720,0
201357314,4926894455652736,864796685866369024,0
229407,30682473372848096,2269820809667174400,0
24583,13850258769199497472,288283155931201536,0
49159,9228720989156671872,288247971559178240,0
30722,6931463748518420352,432363159634968576,0
98319,10696702015046016,144123984705781762,0
24582,13840407024798531712,288247970485633024,0
49159,9237025252661796800,4548644419737223168,0
24578,13840406664020231552,288283154857721856,0
49157,9234069151144739200,432371954117279744,0
63502,3467842958025294208,432398347228413952,0
8192,9226750148923621504,288247970485370880,0
28674,2308376610453061888,576460756598390784,0
122892,9251239760459995328,4539689997845954560,0
114693,9238572630521414272,432371953043537920,0
57350,13844066929677963200,144132783483256832,0
57351,13840407162202882432,432371955727925248,0
28679,16156524008096924032,288283159152689152,0
3,13842658755891691648,288283154857459712,0
98319,9234068738869822848,432371954117279744,0
268501000,27304850921357504,216185977058656256,0
30735,17325562339033358272,432398347228413952,0
24583,4627731174480940992,144123984705781760,0
268484612,15200713897410752,216181581428031488,0
49167,9251239210670628800,216181578743726080,0
32783,15200602257621248,288283155931267072,0
61446,9238572750770012416,864743908234625024,0
98319,12948914108891328,216185977058672640,0
28679,4625620979810308032,72070788714430464,0
61447,16154835776758095808,1369125074925289472,0
24579,13842658120177811712,864726319269937152,0
61447,16145686680281547648,864796685867155456,0
268632088,18016073613312096,216185977058623488,0
12291,16154835776766484096,2738241352147271680,0
126991,13866868636204404704,108092988529319936,0
57347,13841814313782740928,432371954117345280,0
57359,9237166011637043136,432371955728056320,0
24583,13849415048716360896,216185977864028160,0
28674,4616471625613705472,576566318305378304,0
122894,13849414224052224384,432363159634968576,0
4099,13843502957482478912,288247970485370880,0
57351,13849414155333797760,144141577965633536,0
49157,9238572613341544640,144141579576279040,0
24583,13848991942868731776,432363158561226752,0
16391,9228720920470749568,432363157487550464,0
12291,16145405317023269248,288247970485370880,0
122895,9252365660366839232,4539641619334348800,0
3,9230691382709977728,1008819511475879936,0
49159,13840407024763928960,288283154857721856,0
114703,9252083566814167168,144123985779523586,0
14343,13793356243009920,864726317122715648,0
28679,16155398795455106944,432371955728056320,0
14339,13848710193014112384,288283154857721872,0
57359,13849555726100336576,1945568233968943104,0
16387,13839843714066810752,288247969411694592,0
122895,13852932807236518272,1008929468276146176,0
49167,13870809277422116800,216185977058672641,0
30727,16158775816504738688,864814280200290304,0
24583,9237446464327647360,432398345081192448,0
63495,2319495224255055744,288283159153082368,0
61442,13840406956078006528,864796688014639104,0
67172367,13868555742239262464,882773698698838016,0
49159,9234068876271026304,432371954117345280,0
24579,13842658738711824256,432371953580441600,0
49159,13849414361492226432,432371956264927232,0
57348,9228720370679283968,288283155931136000,0
57350,9232942838937814912,432371954117312512,0
122895,13864051747474900864,144128383020744704,0
8199,13851243476461559680,432363157487484936,0
57348,4620975293995159232,216181578743775232,0
24583,13842658480987573824,1224983497496625154,0
57350,4617034369433862528,864743911455981568,0
12295,16154413632969507200,432363157487550472,0
61444,2323294938818675200,1729452638606983168,0
12291,13842658481023227584,8286636509306601472,0
98319,9237446644715225216,144123984705847296,0
12291,16157791753664987328,144141577965731844,0
114692,4626041843570708352,1873510639930966016,0
24583,9240824413189836480,216185977058672640,0
49167,9256587853766330304,216185977058623488,0
28679,13849063144988098240,5044084361360703488,0
24582,13840125154672248768,144123984705781760,0
134266886,9853393844575424,216185977192857600,0
3073,17879222102048907136,864796694456827904,0
61447,13848850930502469504,1008823911938326528,0
57359,9250957649755767168,432371954117345280,0
49156,13844910830588530880,4467579626981457920,0
57351,13849414155325411264,1369107481665503232,0
61447,13850541223537807232,4467597220509745152,0
28675,13839984812299911552,864743907161145344,0
24579,13842658962016567680,432363159635034120,0
61446,13849413949175365760,432363159634968576,0
32775,4504115033931904,144123984705781760,0
8193,13837873114318373120,288247970485370880,0
537116681,9570544360882560,432477513139093504,0
7169,10378968086347776768,1729593388915752960,0
24578,4625479958803779520,216185976790220800,0
805564447,13863068792738285152,108224946433622016,0
67139591,3472488094041125056,16069380033742962688,0
122895,13862925778899963584,216185977058639872,0
49159,9228438964407369856,432371954117345280,0
61447,13842658755884353408,2161754211027582976,0
98319,9256587853699223488,504416353210384384,0
24583,13840407007613420928,432398344007122944,0
57348,9238853675977015584,864796688014639104,0
114701,9251238660910614464,216185976521777152,0
28678,4504544552681600,432363159635230720,0
28675,13842095531036249856,864726319269937152,0
8195,13842235993670813440,864726317122715648,0
16391,9237727569936121984,144123985779556352,0
63494,2310487878920044800,1729593388915752960,0
12291,16154834952081375360,144141579576279040,0
12291,16149768471270399872,1585319848614166536,0
28675,4614219619666756352,864743907161145344,0
16387,9228439651610526080,288247970485370880,0
57358,13862505190025347008,2522022388799922176,0
49167,9237728205592330688,432363159635230720,0
114700,9232942838937814912,144123984974200832,0
28675,13838154589295084288,864796685866369024,0
49159,9238854036778648448,432371953580441604,0
8195,13840124914123670400,288247970485370880,0
12295,16154835776783257216,144141577428860936,0
49156,9232943337183383424,144123984705781760,0
28675,16148079561231304576,432398348302286848,0
536985608,9250395292577827056,2071659127326638080,0
12291,13842377074757599616,288283154857459712,0
61447,16168909731777219968,432398348302286848,0
24579,13840406406309612928,4179419619573923840,0
24583,13850258769207886208,432371953580572676,0
32775,9570733364611008,72064191241920512,0
253980,4666014017599834208,2233798610120622080,0
28674,4625478876466775168,432363157487419392,0
8199,13852791786334847104,432363159634968576,0
61452,6926749012564381568,432398344007319552,0
402780172,876239388864,216185976521768960,0
6147,17300859976102707968,576531129638584448,0
28678,16154834952047821568,864814280200683520,0
40964,9229564967391330560,288247969411563520,0
57347,13840407024797484416,288283159152689152,0
12289,16143575540645757184,576531133934075904,0
24583,13848850930501420928,288247971559178248,0
114703,9251379956812357568,216185977058672641,0
28675,13842095771571195840,1585293460334772224,0
57351,13848850999221948096,216199172003561472,0
49156,9237446644715225216,144123985779589120,0
24583,9237869699095594176,216185976790220802,0
24583,13842658206136927936,144123984705847296,0
245791,9288396115407282032,126108486349099008,0
28674,13840124982849437952,576495940971266048,0
24579,9226186958435254528,288283155931267072,0
28675,6922455715971858816,864726319270461440,0
49156,9232379785905178240,144123984705748992,0
16391,9251379956811828928,432363159634968576,0
98335,9251241418418559392,4377501036961619968,0
14337,16147938540342222720,864796685867155456,0
61446,13849415048737332928,1369107481128624128,0
49156,9228438895692088704,720584737009205248,0
122888,9241951154910265536,216185977058672640,0
12291,4618723494180425088,288265562671546368,0
24582,9237727862002288512,288265562671415304,0
122895,9255743634994630592,216185977192865792,0
28679,6931322993825030016,432398347228938240,0
49159,13852791923771704384,72070789788270600,0
8199,9238572338480415872,144123984705781762,0
7,9234068670122035520,1801444249263161344,0
12291,2310628960023609472,432398342933446656,0
16391,16155256958456172224,144123985779589124,0
126988,4620976393569701760,144123984974233600,0
8195,16148642571313217920,288283154857721864,0
61446,4626041774821867904,288283154857721856,0
61446,4625620155180785472,216181578743709696,0
229391,9256587973957255552,504416353210384384,0
57359,13862362279207503040,216185977058672640,0
8195,13842376920087396736,288283155931201544,0
57348,9237446713434702208,288247971559178240,0
126991,16168418555120590384,108092996448387072,0
49158,9229002051797647616,288283155931267072,0
49167,9251239760421193600,432371954117345280,0
24579,9228720387861250944,288283155931267072,0
24578,9228438861342835584,432371954117279744,0
57350,4620975362801667200,432363157487419392,0
1073971225,9252083549651075136,108092992287457280,0
28679,13652618734731648,864726317122977792,0
114703,9232943251247333440,72070788714364928,0
49156,9228438964449314432,144123984705781760,0
98319,33215954283398848,72061992487116800,0
28674,4785401053053184,288265562671546368,0
24583,13848852098732523904,432363159635034120,0
24579,9226468794205995776,1729452634245955584,0
57351,13850540106779197824,432371954117345280,0
61446,6932025942455878400,864796688014245888,0
4099,16147797880163274624,288283159153082368,0
24579,9231253851630207360,432371955728056320,0
8199,9232942838958784640,144132781335707648,0
49167,9242232011453632320,72061992352890880,0
122911,16159409998557873088,1080995859480510464,0
28675,16148783205723408320,1008859096310743040,0
57356,13845756269117309312,432371954117345280,0
28675,4616471625638871296,864796694456827904,0
49167,13870948159283265920,432407140100407304,0
24579,13841813781206795904,432363158561488912,0
402714630,4625478902279577472,3891162857827598336,0
24583,13844489142143031424,4467597220241309696,0
49160,9232943354359054464,72061992352890880,0
61443,13840406938889752448,432371954117345280,0
63495,16172568124866437056,4395526430990041088,0
49164,9232943955651330240,216181578743709696,0
122911,13898252602183517744,108222738551996416,0
28675,4616471625609511168,576566309715181568,0
28674,6922878134595354880,864726319270068224,0
12289,16147938265396152192,432398344007122944,0
61447,13851666144126043072,432407140100145152,0
234911747,6924707524435778304,18087524829627416576,0
61447,16157649916564341120,864796694456827904,0
49158,4504269670580352,144132783483256832,0
14339,16158775807914803584,432398348302286864,0
3,13842095599775645824,288265562671546384,0
61447,16155398108193227648,864743911456112640,0
57351,13849554549191213440,432398344007319552,0
24579,9228721006371144832,144141577965568000,0
6145,6896738289844352,288265562671546384,0
57348,13844910263622436736,432363157487550464,0
16387,9228438964424147840,144123984705781760,0
24583,16155398108148138368,288283154857459720,0
16387,13849413932061560064,288247969411596290,0
57351,9240824550594183552,504429548423643136,0
57348,13844628857436507776,144123984705781760,0
4113,13838576784589721216,144132782409515008,0
229403,4631814898185142464,216185977863962624,0
49167,9238854088318257024,432363159635034112,0
24582,13850539711608652160,864743911455981568,0
114695,15200713959276928,144128383020728320,0
7,4621539395019735424,288247971559178240,0
49156,9233225344773787264,144123984705781760,0
268492814,15201830718938816,2522031185429790720,0
28675,4620412275287654784,864726319270461440,0
536993804,13844910289389096384,2233798610120638464,0
24579,4616472072296595712,288283155931201544,0
49167,9233366099399018048,216185977058672640,0
122911,13862927428159016896,216185977058648064,0
16387,9228157695614258816,1297045490386370560,0
28675,13839843525055742080,288283159152558080,0
16391,9237164877715343232,288247971559112712,0
61446,4626043011849002688,7133715004699721728,0
30723,16158212866517762432,864814305971535872,0
28675,4616471763175345280,432371953580441600,0
28675,13839843662477918336,288283154857590784,0
114703,9232942770244551552,144141577965633536,0
28674,4617034713103601536,2017647823876784128,0
57348,14074332982542976,144123984974200832,0
24591,13867007174639620032,1945568233566265344,0
536985613,10696633269880768,504411954895388672,0
98319,9242232561167499456,216185977058672641,0
114697,9570802108204608,72061992352874496,0
57350,4615908177444077824,864726319269937152,0
30727,16154835776783256960,864726317122977792,0
15,9251520702826155456,2089674075390607360,0
67139587,2313021188159313856,8214592111824207872,0
57348,9232379820290080896,144123984705781760,0
61455,6945398572461330624,216181579817517058,0
4099,16158284128648691904,432398342933577744,0
61455,6926960105912012736,1080877105513807872,0
12291,16145686396800073856,288265566966513664,0
114701,17451963954233472,216185977058672640,0
24591,16168348199235891808,8178539122730754048,0
57351,13844489167917031360,144141577428729856,0
3,9239347520032735616,288283159152558080,0
16387,9231816801575240064,432363157487452164,0
24578,9228720370706550144,1873506241616117760,0
57348,13848850930476257152,432363157487419392,0
57358,13852791511394025856,432398348302286848,0
122895,13844910761864855744,432371955727990784,0
24582,13840406681200103040,144141577428729856,0
3,9228438895704670336,432363157487419392,0
24583,13844910349547997056,432363159635230720,0
31747,9228157987697197440,864726319270461440,0
268484612,4616753083418935552,864743908234625024,0
16391,9231816629757673728,288247971559178240,0
57350,13844910280866274176,3602888499600130048,0
61446,6926960217609473280,288247969948418048,0
49159,9237728188444968320,432363157487550464,0
402710534,13842658395064107136,144335098454671360,0
245775,9238853830703058784,1261014492867731456,0
16391,17301001065905262464,432398344006991876,0
24579,13839561946987235200,1008832705883865088,0
8195,16149768368125120384,432363159635034120,0
