4027047936,13835902995623051328,72084015603908608,0
63491,17294808264128594112,9368604362030448640,0
2013786168,13855043294057202144,108101801131343872,0
536932352,13836184367556200320,540445153182089216,0
402716672,13836747111313441152,432398353671127040,0
1611120659,3378215149109280,36035402410426368,0
939587584,8072562109994500864,432398405213356032,0
57351,9238572441519784896,72066391204823040,0
1006671872,2306687949572407360,6989863706662273024,0
253952,13835480508290564864,144123987390496768,0
470011904,4612530683891423296,4684249395867156480,0
63503,16158774845791799232,504464747023564800,0
1610866689,13839000869668913248,108101801131507712,0
229407,2252005986795712,216185976790253568,0
201455631,6945395308049203296,72616162588033024,0
122940,9224498160132948000,72066391204823040,0
4027015176,13835902600487109184,72281902463057920,0
3221471233,2252315212906592,108231534645018624,0
4160884736,13838998911117688928,108218467743694848,0
4228069376,4612530958820180192,4720330978034188288,0
8798106349568,13838999787288920160,505520277111701504,0
4027047967,13839281262297612384,2414490168112676864,0
201453572,13835621520685137984,72347894099476480,0
516157,13871931380317815008,126239361855389696,0
3758616577,16141887309311115712,4828294240968835072,0
470022160,4613375126018719840,4720339825667735552,0
1610858502,6755880484732992,108090792861630464,0
805322755,6755639966564544,216199177909043200,0
1006761987,13843503386935689312,9730018232126930944,0
402714631,13852791511452745920,216463086469906432,0
939778049,9226749874045714624,216199203680419840,0
4026949632,9223935107072524384,6989863702367305728,0
469825551,3463479348545193920,9441576784104259584,0
805429257,9233505548358386048,72072995522412544,0
2013769745,13838436236070486208,108365701235867648,0
3758342145,1689330929107008,72334679021191168,0
805560321,3377940239745088,72070796230983680,0
245791,9232942426596835392,72062008727896064,0
2013523968,13838998945490010304,1369652854733668352,0
507955,9230128518660620336,54050896270589952,0
1040308224,6918373967999795392,9440591586250457088,0
1610858497,9225061092904929216,72088384390266880,0
1879195649,8725732868489248,4648009518385463296,0
1879564304,13836747162873496608,36316882756141056,0
100793358,6917951497810477440,432829382630309888,0
134279174,13841251020192088128,216463087007301632,0
2013786128,13835621108330528800,4647994099721306112,0
4026658816,16149768058853916768,14087818202964819968,0
4161269768,4612530975998478272,216449875150110720,0
67172355,6918373985178617536,432653460770127872,0
245823,3378232362533984,36031004498051072,0
939651079,13843784870548474976,4575934306391687168,0
4160827392,13838999770111148224,216608205361381376,0
2200030089272,4612530701071818464,7134255966836490240,0
983103,3941165136085088,126102992750493696,0
805314560,9224498142924243200,288459076717772800,0
33561600,16141746004850376896,1009897096490254336,0
537911296,13837028895581276256,126249240682004480,0
33585153,16141887292095594880,434579784740110336,0
805822476,13837028895544575936,252232373511520256,0
1879556115,9227594187276025904,4666026115918200832,0
1879556103,8445331634651232,72211542309208064,0
402782214,6918373693154394304,217078812981067776,0
1879105537,7881711671050368,144247136987381760,0
939532288,9227313201927946432,144598988224462848,0
4295360543,13840406320389292224,108198549564489728,0
2013519873,9227313219120398400,216445477103599616,0
2013290497,9227312944229908672,4828412987687567360,0
4160888832,9227312927047942208,13907621432721932288,0
1611653152,13835903012820746336,36032156627091456,0
3222265919,9241106042752335984,126380073975644160,0
805433344,13837028861184835968,432407151911632896,0
402776071,13837028895580227520,432468724562788352,0
469891076,13843503386966622304,8323210679930585088,0
503577600,3459609179298203520,432970153405710336,0
134279174,6918373967998747008,432512706101510144,0
805560320,13835621245756899424,108231542161276928,0
1879302152,9225061367803805824,216186010077167616,0
13194609299459,9225342378873207905,11494294556770304000,0
261183,16144842229631944800,36316903158710272,0
14337,17296496821932130496,10233269094690324480,0
4161265664,9225061092886052992,216397090539110400,0
805429248,13835902583306191040,216397090539110400,0
470022175,6927521921956317152,108961670497173504,0
939782145,9226750251991302336,216608222542168064,0
8322015232,13835621108329482208,108152369807622144,0
8054104064,9225061402126844000,36102472753840128,0
268558351,3377940241842240,216234369797324800,0
100694023,16145686190671007360,216480665772621824,0
940044288,13836747437736198240,2414144921461555200,0
8455974912,13838999787350261792,54181802444587008,0
6175062064,2306265341944659984,18228837503401984,0
2080378880,9223935192972918912,4756241026186739712,0
3624398877,13836747437784959024,54270828527681536,0
1006761984,4613375108834132064,72580994858745856,0
537124865,9224498142952554560,72061995842600960,0
1610674176,16145264442060308864,432899751373963264,0
16643375111,15763663855554096,4161465693667065856,0
805560335,13846035819923509184,3675073643429363712,0
8322015233,9232098843516469344,108647158898491392,0
402776068,9225061127252082816,144141583871377408,0
126980,13835621520688283840,216181579280941056,0
537378865,4222665816801296,6971851500733595648,0
805564431,13843784295021283200,216238760864710656,0
1006696448,16149627879697154272,16646421393147166720,0
1099746523136,16145123704575099840,18303737219124297728,0
8798106312705,9231816750013612224,2522569960220262400,0
4026556417,9224498177280835648,1225251785044656128,0
4026785793,9227312703709642848,216449875686981632,0
738326528,6918373693096722624,9656825941015396352,0
4026679299,6755639961321664,216203585082359808,0
8456761345,13837028912727589088,7134260378304774144,0
8053080064,9223935021184188432,36042024444493824,0
1610858505,9223935089916774272,504407560338767872,0
939601928,13836747420556328992,72066414827798528,0
268695555,13843503129246565184,108099619020275712,0
31747,2306828412181807488,9656720371793395712,0
516147,4504011951570992,54049796625661952,0
550275972099,17298185697533378529,18411832412716662784,0
134230016,13843502819994239104,2738733937651089408,0
403169283,3096770255259664,4647862158057537536,0
8322015233,9225061144446108704,36525792917716992,0
805429252,9224498417827315840,216186010076577792,0
126991,16141323534690419584,432407273245507584,0
1610661888,9223935227334754560,288318352114319360,0
30727,12687625570451718336,144167979670044672,0
402710532,9224498074229932160,144141592461836288,0
2013523983,13836747420571009088,108592183048863744,0
268696591,8070944204512828464,126538463378800640,0
536985609,1126140426059840,216304729951567872,0
8321753088,13837028620643598528,216656600516001792,0
1610694657,9225061041334911104,144132782410170368,0
1879302145,3377905881055296,72207135672500224,0
393343,9224498074233081824,54111365249368064,0
805363713,9225061402142573440,2161991708223471616,0
402780160,4615627183499509952,144660560875618304,0
2013782017,9226750251977670848,2378177688503320576,0
3221733379,6756361545187520,108092996448354304,0
8797032554497,1125934268678272,7350138476806799360,0
507919,3377837172064640,72064191376228352,0
469825537,6919499867940192480,216304790084255744,0
258079,16168344995049250304,4539661410140995584,0
637536257,16149768617184461025,11386208170008379392,0
469866496,4613375280669524032,108231541087469568,0
939651087,16142871921940235200,216309129609084928,0
469891072,6918373693104062592,144739777252425728,0
1879568384,4612249208914706496,72629356190892032,0
1879056384,13835621211398209920,432503900344418304,0
3221733377,9231257717070889008,4666009593447448576,0
1610776586,6756430236352544,54049800919711744,0
503371776,4613656583785676992,434579836279717888,0
805429252,9225061127235305600,144141592461312000,0
469891072,4612530958786101440,2522451214575534080,0
1879306247,13836043750342657984,216445477640863744,0
805826588,13836747420558438432,4647941323163402240,0
3221520386,6755639960272928,36033195602411520,0
2013466640,9226750767475458080,36200389015502848,0
7516438528,9232098302328569904,54186166265577472,0
258079,16141745730010218688,216185992897232896,0
32831,9231818210316124384,54077280388907008,0
1880088576,9225061402114261088,108088599073177600,0
402780163,16142871904743588224,144387900246458368,0
1040447,13836747987541033008,54322475508432896,0
268955679,16145124280085774384,3585039060315865088,0
268541960,9224498177298137120,36103580452782080,0
1879269377,1126106077856128,144264738300231680,0
2080495616,6918373693096722624,9440661956068376576,0
1611120657,9226750767634841696,54049794478243840,0
939782152,13836747970360377408,108090806015295488,0
3758612481,13838999220367917152,2558198536617459712,0
2080634880,13836747970360377408,108521825311358976,0
1610866703,9225061127265714368,3675214380917653504,0
30721,16142871904757219456,865781908414398464,0
3221716993,2252212133691424,36030996310884352,0
4026580999,6756481805844576,252267565936541696,0
2013523968,13838999237565087792,13889662018383773696,0
253983,13835621245819813952,72070802673958912,0
4160761856,9225061367757668480,144124000275005440,0
1610870791,16142871921941283008,7134255996901523456,0
4227864576,6921751409992925248,9296428004093722624,0
126976,4612249174551822720,144123985243537408,0
67170311,4613375383703650496,216515896315215872,0
939782144,13838436167336331136,504416369048813568,0
100726790,2306687674673529024,144704563891142656,0
507935,2252005979455584,108090793130033152,0
201455620,6926396584683634736,16249862734991065088,0
7516446721,9225061367810099072,1080879320643141632,0
403173384,4612249174568599936,216599409268555776,0
6598076469248,4612249208901083328,16357346528714555392,0
4161007617,13843502819986899040,4720280392177811456,0
4161007617,13838999220363724992,8863361151648399360,0
1610792961,9225061402139426880,72299494649102336,0
503446540,6919499885118488672,73179163543994368,0
229406,4222390965374016,216199173614272512,0
3758145537,9227312823980261504,144176775759396864,0
1032211,3378112068846560,54046496076595200,0
2080507904,6921470089638182976,108662603332452352,0
1044511,16158353054221729840,126380099344531456,0
939778072,9225060989797400672,2414206480958881792,0
118787,16141886467445096832,216234369800994816,0
469825543,16141745747156533440,1081418096641572864,0
126988,13835621245818767552,216185992896315392,0
1879547904,9227595149348438032,2342016958410653696,0
122887,13835621211402404096,288256770336817152,0
268492803,13837591364446980032,144423084617629696,0
522240,6919499593061238976,72224735911870464,0
1879203841,9224498417931137120,54199342822588416,0
1879564319,9227313219171254496,1117169801161080832,0
469825542,2314147053634060416,432618259218300928,0
8322015232,9231817368520884256,108224937575055360,0
3758112769,1126415320743968,36455415583604736,0
939581441,2252280881479808,432363162856456192,0
1610870784,16141323534673641856,432398408432222208,0
470023182,16145124280120115296,253112042406281216,0
1879187456,13835621211400306816,144546212740071424,0
536928257,9231817299769425984,216322331801288704,0
1610858503,9227312927061574528,432371960559828992,0
201357312,6919499867893006528,218169562875559936,0
939782148,13843784861892476960,108152429402128384,0
2013294592,13836747420544794816,9440556402952110080,0
469825536,4613375400865169600,9080378415063760896,0
201390082,16142871904748830848,145865678233010176,0
2013526024,16142590120518746496,2522169731277094912,0
402780174,4612530701088613217,18374818421066956800,0
1879109632,6918515272456339904,9441787855975219200,0
16643518464,6918373555682935904,108099601840340992,0
258055,16141745730007074688,144176776834973696,0
1879269393,9225060903896481888,108328299721129984,0
1006759942,6918514447773335776,253323114279075840,0
1006647297,13838436167335280704,216436798048436224,0
402913311,16141323397235737024,216625814191210496,0
939651072,4613656858692943936,72070804821245952,0
402710528,9225061127235305664,144387874475737088,0
30723,17294244901859373249,16286124590357282816,0
4161003520,13839280437646590144,3711243177936551936,0
254000,13871368593597533712,1206971314116493312,0
469891078,4613375108834132160,216621416144830464,0
15394169425921,9225060938255700064,8142785206437281792,0
4027047936,9227313219156574304,108099619019685888,0
1040316416,13836747111316586592,253323111057850368,0
61452,2306124518579504128,72057594575257600,0
1006884864,6918373967999795264,13943667830516875264,0
268496899,13835902720745144448,432363222986391552,0
536887297,481056260288,144132780262424576,0
1611120643,3378180822925536,396358552677089280,0
114689,9225061092904928448,216199173614206976,0
260103,17294807834612990336,432372020154335232,0
507935,9227313717454569504,54049794478276608,0
1879072768,9231253851599798336,72229133957988352,0
8321818625,9226750818908635168,36255313325719552,0
469823488,13838999237533106368,144423084618416128,0
68155454,13852511685682135088,6971843810997305344,0
4026540032,9227313227695128608,4720330977497317376,0
61455,13851665181999892224,432371964318711808,0
2013392896,6919499833529073888,14377737446693535744,0
1006635008,4615627733256372320,216295991840604160,0
1007153208,13838436167351010272,126108503193812992,0
2080503808,16149768067461156960,16393661211641643008,0
520255,16267496664375755200,4720333168736010240,0
2013327360,13837028500381368448,3891373967281225728,0
537391120,13838999770241171680,126117316466900992,0
1006759936,13843784861954343008,9151873010829885440,0
30727,13841250745352981696,144141579577065472,0
8322015233,13839000869753323760,270355632530391040,0
1611120641,3378215132332128,108163364924096512,0
70376797265920,9225343426858320064,72334678484320256,0
7517208578,2252315225489472,108090793130131456,0
2013663232,6917810743202021488,18583979623972864,0
1074257936,13835902720762971104,36033203387039744,0
1879564304,9225061419351277600,36114567247626240,0
939528192,2306687915243078016,144704559594340352,0
258111,16177352202860364672,432354376964571136,0
26392305745921,3377940239745056,36305877170388992,0
469889026,13837028912712908864,7134132834419212288,0
1611128848,13835902995624099872,36598412493389824,0
258060,6918373967984067072,288256777853042688,0
939651072,13835621073969741952,144264737763753984,0
16643538944,9223935502214234160,54050926201143296,0
3221454849,2252212143128768,72066391204823040,0
1879105537,13839421450055844736,504957328232022016,0
253959,13837028895578129280,432371953580507136,0
805429249,9227312944229908672,432371968613023744,0
1879306240,13838999220355334240,7026114605298581504,0
13196152811520,13843502837163104352,16249546023565787136,0
268498944,2306124587334633600,144687001768820736,0
26390158139395,15763114095018048,72616153461030912,0
2080446464,6918373967970435136,217078847340806144,0
134344716,13835621108329482176,216199177909043200,0
805314560,9225061402128941120,216445468513665024,0
2013294593,9226749942740025408,7133974492396650496,0
65974858424321,13852792069745803312,18429853392995090432,0
1879261195,8444300842500192,6989740561359962112,0
4228118528,6926396034876964960,14088376771514728448,0
939651072,13836747008227934656,1009351704363139072,0
458815,8445056806027280,18303586710585344,0
402780172,4639552281672941664,216234388051722240,0
470022158,13835902737942839392,108653792477511680,0
2013327360,9224498074206863488,144141592461312000,0
201388036,4621256270722105408,72915246930919424,0
1006696448,4613656875849744448,4828975936567246848,0
268562446,6931884784061775968,1261232212947435520,0
2013388807,9240261600675364960,108644951016865792,0
1879203841,9224498417862967488,72330280437809152,0
805429248,4612249449448603712,72062008727437312,0
26389487050755,2251868535259328,432890934879846400,0
4026556416,9225061367782834368,216199186498977792,0
4027052032,13835902720793379776,108093022352179200,0
469823489,9226750252003885248,432609479230488576,0
4026785793,9225061402176127168,216449867097047040,0
516125,9226750148924670016,144141578502799360,0
469889024,13843502785621917888,4828294223788769280,0
402714626,13835902995740495040,216199190795780096,0
939569152,13837028912696655968,9440661954994634752,0
201455620,4612249174564409216,4539637227999068160,0
245784,9227312892694495328,36035398921027584,0
469825537,4613656583798276289,14052347957315895296,0
6597539532800,4615908658480419200,14844409736022982656,0
4261910528,13838999246148993072,8323210696573583360,0
1879187456,4611968558581154560,144123987390889984,0
2013294599,9240824000807968864,14051789397355921408,0
1879302144,13841251535577677888,108117211205337088,0
1015809,7881831925415968,54190538408067072,0
1073774593,7881505508425792,72123567956819968,0
4228118528,13836747145676324960,9333705897861447680,0
201388038,4617034283569121472,216186044437954560,0
15395243167744,9227312927050039360,9151868603119697920,0
1611128832,9225061419350229024,108117194026254336,0
31751,11530059711535644800,144124019606421504,0
4161019904,9226750818908635168,36457623465230336,0
2013290499,7881402430260288,2378072135118618624,0
507919,9226749874026841024,108092992153387008,0
469891079,16141886347188109696,432899751911227392,0
805433344,6918374517789163712,216199203679633408,0
939651076,13836747145663742144,9440169373785391104,0
126983,16144771611746657217,18411273828597497856,0
2013394944,6919500434811388001,109207905802125312,0
1879175171,16149768608660064224,7459082518608740352,0
4161794048,4613377032952217632,36031065569067008,0
1879072769,9226750251972427840,108310699482021888,0
2013343744,13836747420569960640,216397090538913792,0
1879302160,9223935193031639232,108233733936742400,0
3758112769,8445091116482656,72224727321542656,0
8053112833,9231254418552782896,2360139100738027520,0
229395,2252040334999584,36033195602804736,0
253961,9230127848625275008,72061995842732032,0
201455628,6918373710335314016,216199203679633408,0
1879175168,13838999220355334336,216234388051460096,0
201584696,13838999667093799360,108093007187640320,0
26392439824385,9227594170095894592,9151587128142987264,0
1006759937,13838436167332135296,216185992897101824,0
4228118532,6919640356270899568,14088381204457848832,0
2051,16143575334488375680,4324511173438341120,0
469889038,6944832907901931328,36031021948092416,0
4160884736,4615908641295827040,72616162587836416,0
245760,9223935021197295744,144123985779687424,0
805560329,9225061144414128192,2378050144349323264,0
134475781,13837028620666668928,504539505760600064,0
8053178374,6756430266237024,108119378016337920,0
402716672,13843502407664795712,72633767659175936,0
469776387,16145123292361011264,18375240639974473728,0
469800960,4612249208931484800,144308717154729984,0
1610825728,9225061367780737408,216445469050535936,0
3758604291,15763629494239296,36031004363948032,0
3758616577,13851950883214983200,36032129779466240,0
402780172,13850257910189260992,216731367843561472,0
1610661888,9223935089899995520,432468715972329472,0
134242307,15763474870697984,216726944564117504,0
3221741568,13838999787321163872,540563911712178176,0
8321511424,4612531508510457888,36314686685184000,0
1879302160,9225061092905977376,36035398115328000,0
469891076,13838999220355334208,218415853480181760,0
14343,16158212041884565601,9441792288381468672,0
805429263,9240823725943685568,504464738432974848,0
805429248,13839280695361405120,2810518852805328896,0
35185982750723,7881557046984928,1081418068724285440,0
4026556417,9226750818942189600,108117210668466176,0
4026753025,9226750217677701312,216234370871066624,0
8796898353152,9227312927048990848,3891242021590925312,0
1879138305,9224498177308098624,216199177909043200,0
201455623,16144841954695315648,504957344338673664,0
939651076,13836747420554231872,217078847341592576,0
2013466624,4613656463524495456,216515861953904640,0
4026785793,9224498194475909216,2414206485253849088,0
4026560512,6919499867894055104,4756355376469770240,0
1611120671,9225342619422295008,108119380432453632,0
469774336,9225061110054387840,4756276210558828544,0
805363712,9225061127236354240,144132795294547968,0
2013345792,6919499593002516672,13943703014888964096,0
33586179,2311191136881871936,216199238039371776,0
805560348,13835903012854300768,1261120054171500544,0
8053882882,4504664795512880,36184944581541888,0
3758604289,6756464596090976,54049796624744448,0
67235847,6918373967998746816,144423067438022656,0
1006893086,6981565804619759808,4684594703051489280,0
17594065149953,9227313219137175744,4539901118305533952,0
939585537,13838998945477427584,865799466240704512,0
8054095907,4222665834889312,2414208684545540096,0
2114190348,3459257352743551936,7423049323006394368,0
1006669824,4615627183499509952,4828307434571300864,0
129031,16142590017437433984,14051789405945856000,0
3758243841,1126140426059872,72193936700997632,0
536993793,9225061367782834624,216238760864514048,0
1006893080,6939766091984404512,7026173978657947648,0
469825542,2306265273233049344,288283219283410944,0
2114391056,6919500417683947568,36888648934752256,0
63491,16142871629883515104,7422204869085233152,0
17595944157187,6755914838179872,108363475503284224,0
3221741571,9227312927050045504,8178649077517451264,0
1073987585,9223935021197297408,144123984705781760,0
13195079081985,9231816750015712448,4539760369006018560,0
2013392896,9224498177280835648,72202746215989248,0
2013392896,13836747420539551840,9332316080804200448,0
1611128832,9224498074232029248,72062000137633792,0
1879302200,9333147398047270448,108328300258000896,0
4161007616,13838999220384694464,4828417369091080192,0
469792768,16142871595497554304,506646195272155136,0
805369856,16142871595503845760,432688645142216704,0
4026785793,9226750801793253568,216449867097047040,0
2080769,9224498005495775680,108092990005936128,0
939581440,13836747987540770864,253318747371077632,0
402911248,9225061402126843936,108099619019816960,0
3758120960,9225060989795303488,72057604238868480,0
3759128579,2252865099268144,36044198235209728,0
129055,17295933734511444352,216185980015476832,0
2080634888,13836747008227934400,217294352156721152,0
2114160640,2306265737139847360,72915246930460672,0
8456200192,13835621245766336544,4648273375406325760,0
402911240,6918373504125503456,216238786097971200,0
134733887,9226750818973646896,54552286457823232,0
537124879,9227313201957307328,216238760864645120,0
268689408,9226750251973476544,216181590018359296,0
201455620,13838999237533106240,216463086469906432,0
7697621620737,13839280205704224992,14916467330060910592,0
1610629121,3377940240793728,144132787778093056,0
402690048,13836747145672130688,144167996846243840,0
503446528,6917951506424529088,433216513804075008,0
1006737408,4613375383684780096,6990145189692047360,0
4398247866383,35465872836919392,5116643345585668096,0
4027047937,9227313227696177264,108365683653345280,0
939585536,13836747111305052416,288283165595271168,0
13196152860672,16145124271544336608,9152431576695439360,0
2013360128,9226750148923621568,216199177909043200,0
7516291078,15764763362459680,54080580802838528,0
4398986047491,9227312703710175328,9728883515725971456,0
469825536,4612530958786101440,216762153632792576,0
1610661891,8445125476221024,108310699482021888,0
1610858515,3378180772593760,108099593249685504,0
2013523968,6918373933739671744,72070856360853504,0
260127,16141886484644890560,72070796232491008,0
4027052045,13837028895581275616,2432399030685728768,0
1015842,6755914838179872,36030996444921856,0
3221479425,13837028895544574336,216326721794932736,0
3355516929,9231254332635611168,108152369270751232,0
49159,9225061092888150144,432363159634968576,0
503367680,4612249037106577792,865183761203986432,0
2013343744,13835902720761921728,9440098988935086080,0
402907163,25896763012415584,108163365192433664,0
2147741696,4612530701088063552,216326730384801792,0
1006761984,6919499885082837088,4828412970507698176,0
1610866688,13835902583322968448,216238760864514048,0
63503,17321266430877892992,144128416042319872,0
245823,9225061419324014880,918767309600849920,0
8797972078593,2252074720952704,216445468513665024,0
469889036,13836747145725611200,216185977866420224,0
1879269377,3378764875563072,216322331801288704,0
939597824,13838999220363722944,216471881488793600,0
1879302145,9225061006977269952,216726952080310272,0
1073868800,6918373693121888448,432539110486310912,0
939782144,9226750148921524672,72070804821114880,0
394255,17294667097127781344,9332333672453373952,0
469825536,2306687537254498432,433454005092352000,0
1879564291,6755914840277024,612597309783638016,0
2013523969,9227313768911863904,108099619020210176,0
1611128832,13843785909980365024,36035411000360960,0
4026654721,9227313219105718368,8142785211269120000,0
939724808,4612530683907145920,72352296977039360,0
1879203840,4612249037108674816,144123988195442688,0
61455,9234068618606020672,216234386977980416,0
57359,13852509572572384960,72062009803210752,0
805822483,9227312738069381184,2378054551522639872,0
805552155,2252315242266848,108172161285423104,0
402683904,3460876641362772096,432468773956485120,0
939651072,4615908658486706432,432829382629785600,0
8797972094977,9226749977094520864,2342010348724289536,0
402776077,9235757004550570016,72070804284375040,0
268492813,9234068343700324544,504464734137876480,0
1879302145,9224498194486394976,216199177909829632,0
253983,9232239589577195616,108117194027433984,0
4161269760,16145123721805831264,8755274760591507456,0
122895,13853635506836865920,216185980011806720,0
469891078,6918373693121889984,506646228558151680,0
28679,16141745747184320576,504957342190665728,0
8322015247,9226750252003887072,108152369807753216,0
1835023,563018681287424,216174981271265280,0
1610645506,4504011956813952,144123985242619904,0
1040511,13864050218414113216,252209277727522816,0
1879293955,2252005978407104,216410284678447104,0
122882,13836747111305052288,144123984705945600,0
1006735360,4612530958785052864,4828975937640988672,0
939532288,13838999220355334208,216656599442259968,0
253967,13836747111315538880,432371955727990784,0
402780164,4613375383701553216,72207143725694976,0
1040250880,6918373967996649856,434579838427201536,0
201455630,6922877584840589504,216480713017131008,0
3222257667,3378764879757408,1207033970173149184,0
1006696448,6918373572846575713,14088381144328306688,0
134737927,9230127848625275264,216177188616044544,0
1879121920,13836747935999590592,216480661475688448,0
805560327,9227313167630075840,216185980011479040,0
805560345,9225061127242645600,108090801720328192,0
251718658,6918373572835020896,16358050245147361280,0
4026556416,13835904610522366144,108381093996003328,0
126991,13836747437771856064,216199173615910912,0
129024,8071436227244466368,9368595532651429888,0
8456237061,13852509761537835056,13890224985785499648,0
1006737408,6918374535030374496,108539423670403072,0
537116697,9245327617615724640,72088396469895168,0
1610727425,9227313201939480960,1008938261147549696,0
13195146178560,13838999787322474688,4540186976833241088,0
134346759,16142871921941284544,216731367843954688,0
516127,13835902720795484096,108092990005936128,0
4027047937,9225061402177178720,108363484630089728,0
6145,14990093087661367872,8503059979266162688,0
2013405185,9224498349211652128,4647998506357751808,0
4027052032,13837028586292248768,216731342073757696,0
6598076428289,13836747008228983168,9080365186564489216,0
939778051,9231817351311130816,4828417369091080192,0
1040250880,16142871518317654112,18123043468551913472,0
4026548225,7881677308166336,216291533127680000,0
805429272,13862644784903487536,18156243965296640,0
8053579776,9225061419351277600,36173949197025280,0
8796898330624,6926396580354850849,16287250466641805312,0
235011076,1153062499825757760,9295997012716421120,0
13196152811520,9227312841148596320,8143066681413992448,0
8797972094976,9225061367782834240,72334678484320256,0
2013474817,9227313768861007904,4720647654025986048,0
4026785793,13838999186021811072,216449867097047040,0
3222208575,17451482922091264,1116896007062323200,0
1879072769,9224498469355389024,216234386977193984,0
1610661891,3377940241842368,432398355818086400,0
1006663680,13836747935999590464,216726952080310272,0
536985609,9224498142932631680,216185976790253568,0
537378843,8444266481713248,252227983517941760,0
63548,6917810536981725664,108218461305438208,0
114700,9250956653321258176,108088590214389760,0
258111,13855043044932845664,216203585082818560,0
1015871,6755914844471392,54181738020077568,0
939601921,13836747111315538112,216726952080310272,0
402780188,13845754310588104800,108381076816527360,0
939653120,3467632066510192736,4720366213947850752,0
1610612736,13835621486271922240,432468715972329472,0
8053571587,7881814745022528,72132364855246848,0
13195079065600,9224498074213155200,1297159844427464704,0
134475792,13836747420604563520,108093005038551040,0
134279172,9224498142928438016,432363163930066944,0
98319,9258838141633037184,216177180562964481,0
1073868800,13836747111326024192,864743921119395840,0
516159,9225061092939534304,36035395968761856,0
2013523976,9231817368539758688,2414147111894614016,0
8054104065,9227313201926373472,4575936505414942720,0
1044511,17294808264163198048,252762466964996096,0
805433346,16142871904787629824,432407170164981760,0
201455622,6918373555681886400,216199203679109120,0
2013786129,9231253851601895520,108099619020341248,0
234911745,6917951772713550208,432890986419453952,0
1006696449,13843784750223327264,9296551200398770176,0
4161269776,6918374517789163584,108101852670722048,0
2080503815,16158775816457031792,14087818202964819968,0
1879531537,9225061144422514720,1189062455838375936,0
507935,9225061092886053824,72064191913099264,0
2013786160,13837028620651987424,108233742526676992,0
402702339,13843361592868078464,2162062104884936704,0
245791,9225060989825715392,2377905002103472132,0
1610858497,9224498142949408960,108092990005772288,0
940044316,6935965896378680512,72343501152518144,0
1006694401,13838999787307794624,2810800337445715968,0
129039,17307826490424952768,72123598560428032,0
469792768,6921751667702497472,145232324101931008,0
129052,13837310920365703184,18016598339026944,0
1006761985,13838999186007130304,217294317796982784,0
3758342145,1126106067370112,216234358523035648,0
805564427,13843784861924982976,217219550469685248,0
2013270016,13835621211397161024,216515859806420992,0
939782175,13849554136849711216,13962282579823427584,0
1879302145,9231816801559511232,1657597349809094656,0
402780172,13844909799740277856,216480678655819776,0
12885934083,9226750698712989888,36066184440938496,0
2013519881,9227313219123019872,216726952080310272,0
201455622,6918373710285504608,217043662970552320,0
8456237057,16145264055484686384,14087818202427949056,0
402911233,13839281262301282400,72646999916937216,0
17596212592641,3378661799493696,108363471208316928,0
260106,6919218410078863424,216199236966678528,0
503433216,6919499472738189376,8215119889216569344,0
939532289,9231253851600847040,216515863027646464,0
805564424,13835903012854301760,72066398184407040,0
1879306248,13835621262964555872,217043628608978944,0
805560329,9225061127265977456,72070804820852736,0
4161007616,4612530701088587872,216726952080310272,0
939651075,13836747008224788672,432477538909683712,0
201390087,13838999237535203520,9368349275333066752,0
201390087,2306687674721763392,216515861954166784,0
4026724352,13843502819982704736,108521814304489472,0
201390084,2306687640316936320,145856881067819008,0
3758612480,4613799262654824832,72064225199980544,0
3221733411,3378661926895664,54049796624941056,0
2080501767,9231253851601895520,4720330978034188288,0
805511168,9224498142986108992,72070800525885440,0
3758145539,3377957436915744,108099618482421760,0
402710534,9225060955438711168,144141583871508480,0
939532288,9225061127235305600,432644663602577408,0
201357312,4612530546440929664,432398370850996224,0
1006761991,8070872864986760064,5044365867476582400,0
2147991553,9224216925672833216,72132369150574592,0
268951581,9225061402244286560,684613118084710400,0
939565057,9226749977095569600,216445468513665024,0
2013388800,13836747145666887872,432890937027330048,0
2147737601,9225624111571534720,108101792541442048,0
4161794105,9231817368554438704,2432505666267512832,0
402911256,6917951738346473408,7133992096931119104,0
6598076411907,13843784080209477728,9151873011366756352,0
114703,9224216496207561472,288256765504585736,0
1047567,13836747437777616928,109841279260557312,0
13195079065600,9227312927050039488,7926599233405190144,0
245775,9225342464800329472,1008819511610097664,0
3758342145,9225061402114261056,2522182924611092480,0
3221471233,9223935055531868544,216185980011544576,0
2013392896,13836747420571009248,216726969260179456,0
258056,13843503369801433280,216199177911009280,0
4161007641,9226749942741074016,108647175809925120,0
939651072,4613375400889811008,6989859308615761920,0
1015871,34903927970333664,558480440734777344,0
805429249,9226750698700406848,216181594313326592,0
8053112834,7881333708685344,36242106301284352,0
805330945,13838998945488961984,1008929476865687552,0
1611128856,13835902737942840928,108092992155254784,0
3758243841,1126140453322816,72066393352175616,0
537124879,9227312927054233792,216273945236602880,0
939782152,4612530958768275648,72211542309208064,0
2013523984,4612530546468192448,216467485321527296,0
1879072769,9227313201927946432,432609462050619392,0
805560320,13852510362834829376,1801681751022501888,0
16912474113,9227313201957307360,252760147682656256,0
129039,16155256803770242144,4720207832732008448,0
503326720,6921751392810958912,9296546767992520704,0
537378865,3378232415485968,18123254321381376,0
2200030015500,13836747437784957024,9187901825028718592,0
268492801,9224498142924243200,144123991685201920,0
1073999879,13836747437784959008,108222747142127616,0
1879187457,2252830608982080,108231534644822016,0
268558351,13835480388013654464,216726969260179456,0
1879121920,9227312927047942208,72207144262303744,0
8455843843,9231816543854657632,252478664116011008,0
30735,13870524434956157120,216199186499764224,0
2080380928,13836747420558426176,216726952080310272,0
31751,3486630742723665888,36059650990276608,0
469766144,9224498898882529472,72202737625858048,0
4161271816,16149627871126100080,13961596484568678400,0
1015826,2252315212906560,72061992621375488,0
4026785792,9226750561271939456,216185992896774144,0
2147991555,9225342894300201952,108222738551865344,0
201586700,6918373985173897312,216234490059554816,0
805429248,13835902583304094464,288256767652397056,0
4026791936,16158775816440258608,13944265981485383680,0
1006753806,4615908675671818336,4540081439286231040,0
1879564336,9223935519450727968,54045411597844480,0
201357315,16143434459578369601,218415818046701568,0
939782152,4611967733923315808,72070815558860800,0
6598076411907,9240260741617942720,2739296913374314496,0
1879564320,4612530958819655776,36031049599254528,0
4027473920,9226749994274914352,36325698981330944,0
1879302145,9224498452219560032,108398685645176832,0
16107159555,9227313717353382368,36080482521300992,0
1040289792,13836747437780762720,108944146491768832,0
469793792,8070873277355000000,9657951868839526400,0
1610866689,9226750148906844288,216181581964902400,0
402714624,13836747111309247360,504429579831083008,0
939536384,13843785935885959264,216199238038585344,0
4027047937,13852510569056174304,54323579449245696,0
2953310209,13838998911143904192,252478664116011008,0
940044305,9227594702672101472,216199203680681984,0
1879568400,13870807559200309344,108339287187111936,0
522271,16141745755773206624,73209949871407104,0
1611620352,4611967544975163456,36171740107358208,0
4160876544,13839281245216837568,1117169792571146240,0
2080634880,13843502837163102240,13871937908392329216,0
1073864711,13837029462516960448,504535114694000640,0
245763,3378180763156608,144141577428795392,0
536993792,281732706205824,144141583871377408,0
67563535,9224498194478006304,3494940662309519360,0
4026654720,13838999220366868544,2378177688503320576,0
939651072,13836747970427486304,72119182795997184,0
2013278208,4612249037108675328,2450406814139809792,0
2080634895,16141746022068522848,9350033594263207936,0
1879072769,9225061127243694272,216392688197435392,0
805396480,9225061402139426880,216515861953904640,0
939536385,9226749942740025472,144141642926915584,0
2013392897,9227313201925849152,73069161378480128,0
6598076403712,13839281219441524833,18123606415284109312,0
1099713015808,4615908658489851968,9728329355423121408,0
2013523968,16142871921941807216,17547147883210342400,0
4160757761,3377802802890816,2378054542395703296,0
1610858499,9226750251987108032,216238760864645120,0
127004,6917951291652050688,18158526893308444672,0
4026818561,9225061402143621216,7026173987247882240,0
2013519900,9277978440067712608,108365683921780736,0
4161007616,6918373967999795296,9332579963594866688,0
3221745695,13835902746516521056,3675456281529155584,0
1879302144,9225061402129465440,108257931513823232,0
805527552,13835902995633537408,216181581965295616,0
469817350,6918373693100916928,217888053539110912,0
4161269773,13838999237565088880,3999473554088263680,0
1040247808,2306124724710678592,13907546665394372608,0
134279175,13841250607861596416,288256781074759680,0
31,16141886484677398400,432371960023613472,0
402714636,9235757348178362432,72070856361902080,0
4027326464,9223935227332657216,72167553522204672,0
1879097345,9226749977096618176,216304726730342400,0
33683462,4613375383709941824,216621398964305920,0
939782144,6919640193048772672,1225414539073159168,0
1879072771,6756361545187392,108099588954521600,0
4296007683,13839280660984889568,108331599195635712,0
805363726,13850539436715016256,2522292876310740992,0
2013306881,9226749839655567552,4756073892903124992,0
2080632836,13837028912727589088,217294317796982784,0
8053473281,3378215134429216,1207103239137263616,0
1610858497,1125968630513792,144141583871246336,0
2013421569,1126020167499840,72084014529249280,0
1879564304,13836747420605087840,108312924543647744,0
805564420,13837029445404196960,108117211206254592,0
3758612511,13837028895546671296,216256361909387264,0
2013376512,13836747936066699456,216480661475688448,0
402782220,16142871629875120192,4720330978034581504,0
2013394944,6918373710277116097,18375794787392421888,0
1879056384,9224498417802150272,432363172519739392,0
2013786115,6755657140666464,108117245029777408,0
1074786401,13839280660984889824,4738242039898963968,0
4160811008,6918374517756133472,9332087381848752128,0
1006737408,6921751409992933568,14051785007362473984,0
8053571587,3378180764205152,108224933548523520,0
1611128840,13835621211409743968,108099601840340992,0
2013274112,9224500101545721888,36041999211560960,0
16107012099,17451474326650928,16195505014981001216,0
1610735623,13835903012854304448,216304731025440768,0
537391135,13870805918506549344,4720330995214974976,0
805560351,13844910212109044832,252478672706207744,0
8556845056,13838999770111148064,55166930234900480,0
4228118528,6918373968033349824,217188799040454656,0
1879187456,9224498417804247232,216326730384670720,0
4228091904,13839280712509816928,109207926203219968,0
939782156,13836747111307149504,72211533719076864,0
1879072769,2252212143129024,108101800862679040,0
805560320,9225061402127892544,72062008728223744,0
507967,9226750801760223280,54076184635375616,0
2013376512,13843502819980607584,2414487968820494336,0
2013294593,13852509778728714624,144673756625764352,0
134471687,3378232314298432,216199186499239936,0
3758350339,3940666855393376,6989740561360158720,0
2013474816,13838999220370014304,108644959069929472,0
1879564289,9231255397853823024,54058596744429568,0
1032225,9223936017666408544,1207033971381108736,0
134344704,4612249037131743424,216181602904440832,0
268562440,13835621211423376768,144141583872950272,0
268558349,9224498142985061568,1369208643983048704,0
805564416,13839281210756432064,108093005038157824,0
8796898353153,9232098843482914912,3999469155504881664,0
134281220,6918373555681886400,432398407361363968,0
13196152844288,4612530683890368704,16357628007986233344,0
2064387,2252040335000608,1783493622159638528,0
458783,16149768557188091888,252263159300882432,0
1006686212,4611967527778518912,144167996846243840,0
8055152641,9226750251987632224,108242538619666432,0
983042,7881350888031264,1116923493913460736,0
469825536,4613375074496415488,432354376963981312,0
805429256,9243075353956582336,72062000406134784,0
503379968,6918373967995609280,9440556402952110080,0
1610858497,2252280853168192,72132365660520448,0
516152,4612530683942276192,108099588955439104,0
1610661888,9224216977183080512,72066406237077504,0
2013786120,13836747420541648992,108304111270723584,0
234895363,16149627218271670336,7350419964668411904,0
253957,9225061092879761472,72066391205085184,0
268558336,13835902720736755776,72281902463188992,0
1040316416,4613375074458665088,144176827302150144,0
805560320,9225060955447099776,144211953152294912,0
1879293965,9241105630404018272,3567130184857419776,0
939782144,2306124724723253376,144141642930585600,0
1057225732,2307954342131146769,17348989499606040576,0
3758342159,9225061127264666560,108363476040155136,0
4026687488,9225061402131038272,72334679021191168,0
30794781306881,13839421170825043552,18375803615697698816,0
1611120691,3378240913408048,2360165488748658688,0
3221471239,17452324732534976,252267553857044480,0
1879302144,13838999220414054592,216185984306577408,0
17594065108993,7882364502933600,108363476040155136,0
2013786112,9226750818908635184,54331301666684928,0
114703,9231816492345984896,216185980011610112,0
4027572224,9225061917564862496,2342296232485027840,0
469825536,6919499404020809921,433453902013136896,0
1006639104,4613375349389000832,144167994698760192,0
1006635008,6918373693104062592,9367786308199514112,0
939782144,13836747145680519360,216480678656475136,0
1879302145,9231818468101718048,108328291668066304,0
469891078,6919499867885666368,9296019036771713024,0
4398986047489,9227312789611086016,144669348378705920,0
268558343,9225061144445584576,792730298956775424,0
1275328512,13836747111333889633,109779707146731520,0
4398549834752,8074813927064616000,18375803596370345984,0
100694019,16143575334538708160,217289919213600768,0
26392305721344,9225061127240550464,4539764767589400576,0
536932354,4612249208913658048,72066408385347584,0
1610637312,9223935467873894528,144194360429248512,0
3758342147,7881814751314112,216309129608691712,0
3758145537,3377940240793792,216304726730342400,0
2080634880,16145124219971174592,216485111600644096,0
15395243202560,6918514447763898432,14952509329809342464,0
134246463,13862924318510416864,4720225424918315008,0
4026548225,9224498469339136096,4683963518012096512,0
268492805,9226750269217308864,216203572197588992,0
537911328,13835902995674431584,108154577420812288,0
63495,16145123670214312896,217289952499597312,0
939585536,13843784844732008512,7134150426605125632,0
114701,21392613641814048,36035398115393536,0
4228116481,13843502819995811952,37152531725418496,0
4160958464,13836747996098199584,36059617167409152,0
1879564289,9227313167631122912,504464745949822976,0
2080632847,16145124271544870112,18411273845240496128,0
4026548225,9224498177297614912,72097180214624256,0
402714627,16141745609686122560,9440661956068376576,0
268689409,9227313219135602784,252355527404027904,0
201390084,8070872796268339136,7133728231320453120,0
1006696450,3459257155174007168,10233286725531074560,0
805435392,6926255181416890560,144977271764811776,0
1074249731,9225342877120331872,108099601839882240,0
253953,9225060989806838528,432371955728252928,0
1015935,1689365288845344,36044194208514048,0
268558348,13862644630280995008,108092996582604800,0
2013523969,9231254401408041056,3567130184857419776,0
130079,17321267461795875008,216326747565522944,0
939761672,9243075388304785504,72506210888187904,0
939587586,16149627046475595872,109207960564006912,0
4228257792,3458905783892181056,9332582137116753920,0
402911240,13835903012854300736,2522464425357869056,0
63503,6931321335863837440,864708727084417024,0
805429248,9224498349082673280,144141583871246336,0
805330945,9225060955440808064,144211948320325632,0
2013392896,13838999220358480256,7350419964668411904,0
1610858507,9231852003105177696,36255313326178304,0
268689421,13837028895578130176,504433961234464768,0
2013470721,9225061402131038304,4720060497368449024,0
3758604289,9223935021182615936,216185989675581440,0
1006866432,13836747420547940448,109806095425339392,0
1879171073,9226749874045714880,216234362281263104,0
805318656,13836747386191348096,144141592461049856,0
402911256,13836747145663742048,108240339328237568,0
939646980,13836747111305052544,144317514321756160,0
1610641409,16144841920334528640,145021218943139840,0
4398986059777,8444266482761760,4684297772768165888,0
939784204,6918514447789064384,216520261611421696,0
805322754,2251868535259264,144123991685070848,0
4026753024,13836747420569960512,72616162587836416,0
3221479425,9225061299061261248,216199186499764224,0
100695041,3459186983995187393,18303737193354493952,0
939651072,6918373710301757504,14052347974495764480,0
268689409,9227313768878833760,216480678656344064,0
4161253377,13838999220353237088,4828417368554209280,0
491523,3378112049971584,216181579817615360,0
2013523976,13836747111315538112,4287703930239975424,0
6599150153729,9225061419292557408,14051785006288732160,0
2080632836,13838999787339776096,216726952080310272,0
805564416,13835621108321091712,216181586260066304,0
4026785801,9231817368514592816,108363484630089728,0
3758350337,16149768041664610496,4828294224057303040,0
805314560,13835621108321091712,144141609640919040,0
939782152,6918373967998746816,4828311815974813696,0
402780162,13837028620641501568,432407152985243648,0
1610858496,9225061419317723232,108099601839816704,0
3087527952,13835902600486068096,18374693077546745856,0
268955672,13838998722136506400,36312505110691840,0
234944513,16142871904793923456,1009351738722877440,0
516099,8725741458423840,36455424173735936,0
402780172,13836747162907051104,216726969260179456,0
4160761857,9225623974113706048,108381076279263232,0
7517233171,9225343426908652416,216311324739657728,0
8321548291,2252865099530256,54181737751642112,0
1879072769,1126140426059840,2378045746839552000,0
4160892928,13838999220418773040,108644959069929472,0
2080897039,16145123730314244144,14105834791907622912,0
268689423,13840406200164812480,108198549564653568,0
1006759941,9226749977096618048,7134255979721392128,0
939585536,16142871595497554048,4684020697448579072,0
4026654720,13836747008251004800,216304739615244288,0
983166,69806051938535280,54058589496541184,0
469889032,4620412275282411584,2378045755429683200,0
235011086,6918373572846030400,216727003619917824,0
1040317443,8071435814940180864,18159622038564634624,0
8590491679,2252323816734736,7025676991349129216,0
469825536,13836747437736722496,216762152559050752,0
122888,13835902583316678400,144141577429057536,0
4278319104,9224498417862967488,108935282484576256,0
13196152807424,9231254418535482976,4107555545488031744,0
8322539552,13835480800389759072,109078218996187136,0
805560320,9225061402131038240,36457623465361408,0
4161269775,13843784320730018032,9187901807848849408,0
17595944173570,7881333708685312,36305875559776256,0
2080894992,16142871629917061216,108099601839882240,0
805560320,13837028895535136832,108372297903898624,0
939733016,9223935244507807808,72207143725563904,0
127007,16172145869309083744,252267583655116800,0
805322754,6755605601583296,216181581428031488,0
537128960,6921751667689914560,7133873350212190208,0
536920064,9223935467848728960,432371953580507136,0
939778048,9225061402129989760,144211952615424000,0
3758612483,7881539869212864,216199186499108864,0
17592991375361,9226749942740025728,864937423354724352,0
2080634892,2306828300489064480,18411836794657046528,0
61455,16150191439540650752,1008837111178526720,0
8796898336768,9231253851599798336,2378173289651503104,0
60,142989391260812224,36035394625601536,0
1040316420,6919640347680714848,14051789405945856000,0
805416960,4611967527778517632,216515863027646464,0
402776079,9225483365494036576,72066423417339904,0
98305,9225061299063357504,72070799988883456,0
516159,13890086533489229920,108099619020275712,0
134275078,4611967527795295616,5044330664850096128,0
134737923,9226750217627369568,36031030267838464,0
4026785793,9231816818749866176,216199186499239936,0
8053637121,2252315246460960,18158442988437504,0
402907144,9224498452190724128,72211559489077248,0
469792768,6918373572844978944,865236501254897664,0
1879302144,13835621520663118016,2378050152939257856,0
2013272064,2306265737106292864,144168031205982208,0
402714628,13836747420541649088,216181594850131968,0
939565062,13835902514603493312,216608205361381376,0
402780172,13862925246213914720,1765628765553098752,0
1610661891,9231253748534214848,216304731025309696,0
122911,13870805909966948320,252234572535037952,0
537124865,9225060955447099776,432371960023220224,0
2148515903,9225061367783882848,108101792541638656,0
6598076428288,4613656583788822720,16646421333017624576,0
469891084,6926255284523368640,3675495881664102400,0
939630593,9226750251998642368,1297133452927172608,0
134346756,8079176789102952544,9332333707349983232,0
2013327360,6918373967979873024,432899725604159488,0
1879302144,9226750801728241728,144167979666898944,0
229391,21955151277327296,1080877105513857024,0
7517224961,9225061917514530912,18015506477056000,0
4261672961,13838999117304431040,217188799040847872,0
1879302144,13836747420566814816,108310699482021888,0
1006893068,13836747420591980608,72070855825031168,0
1879564289,9225061402177176672,108092990009868288,0
130052,8071435814938084224,9656333359806152704,0
26389621260291,8445331633602592,2414202086670467072,0
1610866719,9224216994393361632,4143430412489916416,0
537387021,9226750252037963872,108222738551930880,0
1880088624,13836747145693102816,108242538619666432,0
1879302144,13836747145661644864,216251980237897728,0
402780162,13836747145667940448,7133974496154746880,0
201390086,6922877567626117312,2450406814140203008,0
1040447,13835480525510281152,252208178082054144,0
8322531331,6756224107282656,126239336352972800,0
129038,2305983798247950208,1297089484273483776,0
1006637056,4620131332881645632,72928440533123072,0
536993796,13835902583304094080,432371969150091264,0
4227977216,13843784037259812960,13943703014888964096,0
2013274113,9231253714160844864,72211542308814848,0
1611120703,9294867776222922736,2287967152927408128,0
57352,9223935055540256896,72057594038714368,0
939536384,9225061092879761536,432644647496450048,0
805429248,13836747145663742144,432398355818610688,0
16106647555,13843502433433026608,4666289981797433344,0
8054104064,13835903562610638960,54551186811912192,0
13198300536832,9227312944234630176,9187622519547363328,0
4161269761,9226749942740025408,72202746216251392,0
402714624,9224498005485289600,144141588166344704,0
458815,6756464596615216,18082569304145920,0
1610858497,1126071738564640,72070804284375040,0
805433344,13835902995673383104,216185992896708608,0
469825538,4612530958768275648,216718154913546240,0
939532289,3377802801840256,144141592461049856,0
1879306240,4615908624145842624,108090823194836992,0
2013392901,13836747145693102272,4828417369091080192,0
4161155080,13835902720739901536,108539406490533888,0
1610866704,13835902720759824768,216203601727193088,0
268558337,3377957419614272,432398355818086400,0
253981,13836746973874487552,144128383826460672,0
1006893056,16142590120517697600,108680195519414272,0
469764096,2309643453989912961,18159569228720504832,0
201390087,4612530975949193408,9657811101286400000,0
1006761986,13838998945481621696,9728892332220088320,0
245761,1126312227897472,72061992621375488,0
1879138305,9224498177295515712,72281911052992512,0
1610866696,13836747420603516096,108117181140631552,0
2013392897,13843503369801433280,2810518852805328896,0
469807104,13836747420540600448,432618250627448832,0
939536384,4612250033598759008,108117210668466176,0
402681856,13837028895527796864,3675069239477141504,0
234911747,16145123704608655808,7926880718045577216,0
4161007616,4612530546468192320,72066406237863936,0
61447,16141745729976664128,9151587121700536320,0
2013470720,9227313201944723520,108354680215568384,0
805564416,6921753342851678256,36033228888735744,0
2148003840,13835902720759826304,216256361909125120,0
1879138305,9231254401357709408,216726943490375680,0
2148003871,16155397283501834464,127225624053678080,0
245773,9224498142924243328,432371957875736576,0
537116687,12385654895804608,216203572197851136,0
4027572240,9225061419321917472,36136553185116160,0
1074249739,9227313768914485280,108172161285554176,0
1879564321,9225061419357569072,630642490323501056,0
13195079086083,9232098302300270688,18375240639974473728,0
516103,13839421355517805504,4467579627249958912,0
1912731648,6918373718890119265,14052347973422022656,0
4026687488,9226750148924670048,108398669002178560,0
245773,9226750252003885248,216181579817615360,0
3758932003,8726248264302624,72611764004454400,0
61447,16143014291617874016,218415815899217920,0
251689984,16149627321382353984,18375803591001636864,0
2148003843,13837028620644647104,216203585083277312,0
469825543,16141745747156533953,9656825941015396352,0
1879302145,9225061917573251136,72066406237995008,0
1006761988,3467632057921835072,13907973302213541888,0
537387009,9226750011465793920,72083998423384064,0
2013474840,9225061144446107744,108644976786669568,0
402780173,9224498452160839744,216199195090747392,0
805560344,9250956825096880320,216185992896446464,0
2013270016,13835621262947254336,144379085898907648,0
2080634892,6917951772747106240,217294352156721152,0
8053579783,9227313227727634432,2342098313949675520,0
503446558,6935965758889398208,3602941307835383808,0
4161269776,16141745609699754176,13944265982022254592,0
4027047937,9240824567777722416,2360165489017094144,0
122883,13838999186005033344,144141579576541184,0
503379968,6918373693104062848,432890954207199232,0
1879564303,13837028620668764608,216309129071951872,0
2080503809,13838436167352058048,72083998424694784,0
3298769770496,6926255817102459264,4468116218183680000,0
1006761988,3459186983997276352,432890988567986176,0
2013356033,9225061419317723232,108222763784732672,0
1074233375,9225061127248937152,108119384727420928,0
2013523975,13839280437647114464,4865009133243727872,0
1006763015,8071436227273818496,433453938520358912,0
1006686208,13839280420457283968,865781874054660096,0
1006761987,6918373555656720576,432609479231012864,0
4026933248,9225061419292557408,72330289027743744,0
201390083,2310206000214860384,13907669810696683520,0
939597824,9224498417812635712,72070804820459520,0
940044317,9231816526706770112,216326730385260544,0
4161009672,6918373555665109440,216608222542168064,0
1610858497,9227313167577645440,216309125313724416,0
8053309443,7882364502933568,108222738551799808,0
3087478833,9226750827531337776,54049809509842944,0
503442436,6918373985148207168,13981126042580942848,0
4027052033,13838435961163219136,216186010078019584,0
536985603,3378215119749312,216339914323656704,0
1879531536,9223936069172985888,6954057010992119808,0
1880088577,13836747437751402592,1261267388729622528,0
1879171073,9227313219125117152,1369371371703894016,0
31,36591953263984672,18293674462937088,0
2013392896,13838998945475330112,13908237167823421440,0
402780172,13838999787339776096,108090805746860032,0
402714626,13836747111330218880,144128398858846208,0
8321515521,2251937258930368,108117193488596992,0
33815567,6918373718889598656,432890988568510464,0
26392305623041,9224499001950208096,216726942416633856,0
1610866688,9225061402143621184,2378050152939520000,0
2013523968,13836747145693102304,216449875150110720,0
67237888,4612249071526085824,216234421338505216,0
939532288,9231817265409687744,432609462050619392,0
1057216536,9226750011519802384,18311300471848960,0
8456761344,6918514447790137568,9278538949909807104,0
3758112770,4503737068421184,72066397647142912,0
4026589184,9226750818907586592,36182745289850880,0
126980,4612249449482158208,144405492968652800,0
805560335,9227594419219203008,504675852182355968,0
49153,9225061367780737152,216181579817615360,0
503318528,4612249088640950336,9440661927077347328,0
4026949632,9227313201927946336,2414206485253849088,0
2200029921280,257711669312,8214838406723665920,0
469891079,13837028637849682112,216656600516788224,0
805429260,9234068189062627904,72070791935557632,0
402780166,6918373555665109760,432407152985243648,0
134344716,9225061402114261056,9295724316652339200,0
1610858527,9240823725961511872,252478664116011008,0
939784220,4612530683908194400,108090823195688960,0
469825543,16143997804701810880,1009351740870361088,0
4161150977,9241105797906434064,6953834909106438144,0
31,16162152682968056768,1081972351433703424,0
258079,16141886759522795616,110333825036320768,0
939765785,9225061092888150080,108257922923888640,0
2080477192,4612530975965971040,110087570402050048,0
872544263,16149627853958283360,9728892366581661696,0
939784204,6917951360380962560,865174946858270720,0
2013789215,17348288234826762208,7026173978926612480,0
939778073,9226749977100813408,3585144596251803648,0
1879171073,13843784312137713760,8323210679930585088,0
33585155,16141042643862831168,13907392726250291200,0
1074249728,9227313777451204632,8088744208589914112,0
16912474143,9231816818735710256,4593952003838705664,0
403169281,9225624249014682592,108101818044121088,0
402782220,2306266304075530432,216480678656475136,0
2013786128,9225061092888150496,36101381698289664,0
1879302151,16889031182254176,108363484093218816,0
1342431247,13838999220384694336,108222738820333568,0
2013392896,9224498074225738720,216199185425760256,0
2013392897,13843504486464094304,108644959606800384,0
4160970753,9231253851602683888,4594173013326299136,0
1006694400,13838998808041619584,433251629454589952,0
940044320,4612249174604251200,108090822121455616,0
1073790976,9223935021180518912,864708721715052544,0
63488,3459186846558339137,72646964482670592,0
1879564303,13839280695360357312,252480871997833216,0
8321916929,9226749994276487360,216480661475688448,0
2013274113,9226750251974525120,144414270270996480,0
30727,6919499455560417472,144168097777975296,0
30735,17293963358146397120,9440661937814765568,0
8053088256,9227313201927946304,108093005038092288,0
31745,12683121833360242752,18303745989447516160,0
6599150245888,4613656583798272192,14916476127227674624,0
507905,9223935055542354048,216181578743742464,0
4161017856,3459187258863124512,108785748097892352,0
245791,9250956618938451712,1008819511476060160,0
1006753792,13836747437736198208,216867808754008064,0
1032255,9224216977213495392,3512946249827352576,0
503347200,3459187241734111360,432890986419453952,0
402886656,4613375400898199616,72207143725694976,0
2013474824,9223935227337900096,72488618702143488,0
1879302144,13836747420571009120,108240339327975424,0
114688,9225061024183353472,216185976790253568,0
8800119578625,2252005978406976,2414100931600711680,0
4261428224,6921752183115350208,217219551006294016,0
201453582,4620412807858356320,108644959606800384,0
537124865,9226749942741074016,216304755721371648,0
2080577536,4612249208930435264,216185992896315392,0
1006637056,9225060921077924032,144555007759351808,0
939597848,9241949643048222784,108119410228592640,0
50347008,1153133830848126144,4467693975653842944,0
4026933249,9231253645441368096,6953986651106312192,0
268550157,3378215119749184,72070796230918144,0
268693519,16141886347204890368,8935168052740423680,0
2013523999,16151879129784385632,252760164863311872,0
507953,9225061367817437280,54181742315044864,0
1073864705,13838999770173014208,72616153998032896,0
2080634908,16142871629883507808,108383293288677376,0
201390082,13836747386244825280,434579831984750592,0
1879162886,7881402430259424,1405259426939535360,0
939585536,13838998945476378752,432398372998479872,0
4026687489,9231253851601895488,72281902463057920,0
2013392896,13837028620653035616,7026173978657947648,0
3758604351,7881831940096112,1135045648588996608,0
1611128833,13837028895547719872,216608205630013440,0
8321523713,6757529751126080,108339287052779520,0
939646977,9231253576722940032,432609462050619392,0
1879171077,9225060989806838144,144247133229285376,0
402780160,9225061092879761536,144590209311834112,0
268558341,9227312944229910720,2522235701706096640,0
2013474816,4616049404570001441,9440661954994634752,0
4161204231,9241105020517359128,13862641507648929792,0
402714631,4612530683890368640,144282329949667328,0
1040251904,3459186983999897696,9441787890334957568,0
1610637312,9223935055536063232,504416368511156224,0
1879171077,13835902995673384896,252337926090784768,0
1074249729,9226750217617932480,72097180483108864,0
469792768,6921751392812007617,434579801919979520,0
1610866689,13837028483204644992,432468715972591616,0
114751,9260245293179339744,54045394686410752,0
126991,16173411682035435392,432411542978756608,0
1006893068,13843784320726597664,16250108991235948544,0
3222272031,17302549324238947296,4738348675481206784,0
17593796681728,9225063017026158656,72189567645515776,0
469823490,4613656600963448896,7062198401789591552,0
1879171072,13835903012850106464,252478672169074688,0
402780172,4612530546451415104,72066423418912768,0
1879072768,9227313219131408480,216726968186437632,0
4228380672,6919499618770772016,16267562613045460992,0
2114058240,6919499867877277792,217289952499597312,0
1610661889,3377940239745088,216322323211354112,0
402911240,13838999117281362176,144264738300428288,0
13195079065601,9226749977094520928,216726948859084800,0
17595944157185,3378215117652000,36165140218904576,0
3221479424,13835902583322972032,144141583872032768,0
1610739712,4612530683938603392,216181594850197504,0
8797972078592,9231253439285035072,72611755414519808,0
30720,16142590326702343104,37722072306221056,0
402911244,13837028912761668704,2414171309471891456,0
229388,4504132204363840,144141579576147968,0
1879171079,9227313201940529344,2233917364087291904,0
1040250880,17298185963829203136,16646425757907681280,0
805363713,9227313201939480768,432477508844126208,0
503347200,13838999237533106241,9656825938867912704,0
2148003840,13836747111308197984,108117193489121280,0
4026785793,9240824550570066144,36032112599990272,0
939585536,6917951360380961152,2738742743407788032,0
1879306271,13852792061179724768,1117029055351226368,0
4161271808,2306828429362724928,108117211206254592,0
8797032603649,9231816818733613152,9151868611709632512,0
4026556416,9223936052026146880,72295096065720320,0
939761665,6756430236876832,36173942754770944,0
805564416,6918373967999795264,216199203679633408,0
134279175,4611967613678911680,144986034571837440,0
258063,13836746973874487744,216181590018883584,0
805433344,13836747111307149376,216234388052508672,0
8523085824,16145125353943204064,108647158898491392,0
127039,16196914722308620544,144128383020924928,0
805367808,13838998945477427392,504957344338149376,0
1879568400,6917951506427150432,110336128749404160,0
1006753796,6926255834251919456,4576182804609499136,0
469891072,4612249174564406144,108117210669514752,0
26392305623041,9227313219123023904,9187901799258914816,0
6597539534848,13843502407665852608,14267948990162010112,0
402763776,9225061419308810432,144168031205982208,0
1879203843,2252315246461024,108328291668066304,0
4026654721,9231817368554438880,3423008403201458176,0
3758604289,9225061402244290656,36035395967877120,0
16644030465,9240824567744170032,4143588735721668608,0
469825543,13837028912761670880,7170289174786867200,0
3221733377,3377905891541120,216185984306577408,0
402782208,6918373693154394304,216181645854113792,0
1032255,9224216719514403776,108092992287653888,0
61471,9239135717883904096,216199173616041984,0
805560328,13835902720795476416,72070795694047232,0
805314561,9227312738071478464,4756091493679104000,0
268693534,6917810605729513568,108093022218977280,0
8322015232,13835621108344162176,216247556957732864,0
503437312,4615908581165236257,74054373725962240,0
805429248,13837028483200450624,2378177688234885120,0
134475789,9240261016500043840,108374480014868480,0
4161007616,13843502837163098208,4720330995214057472,0
2080634880,13839280695361405024,9494711749203460096,0
939651102,13862925435218690624,216449875687374848,0
268492800,9225060955447099776,288283159152558080,0
61443,8070872865174464544,15637056458137272320,0
6598076405760,4615626925799899169,110333807856451584,0
201455630,3485997759014633664,9440402472129724416,0
269479993,9225061402177700976,126116190782685184,0
939646976,9224497971122405440,72083998423908352,0
8456232975,13511005046833248,54044329266085888,0
4027047965,9225061419351277616,2360165489017094144,0
3758342145,3377940241842240,108521814304489472,0
402882577,2252074758443016,3302561677312,0
1073864704,13837028895581274176,72193940996358144,0
7516487681,1126415368980512,36031000068751360,0
2093119,16141886347189158112,54357689945751552,0
253952,9223935502270333024,36035411000950784,0
1879564319,13836747420554232256,252337935486222336,0
268492805,5629705708372928,144132783483125760,0
939651072,4615627183528870016,144387883065671680,0
3758153728,9223935055540256896,216181594312933376,0
16644030495,9231817377111081200,2270093496201248768,0
8455729152,9226750011484667968,108231534644822016,0
122887,13835902720795476352,216185980011872256,0
235141180,16142590120521891872,36035458246836224,0
245776,9224498417817878592,72061993695182848,0
17596212830208,13839280721165288160,18375240646416924672,0
3758612505,9227312892699738560,252269757309616128,0
254013,9245327617680736288,36035408853139456,0
4161232897,9227313219123019872,108222738551799808,0
4160761856,13843784312139284576,108644959606800384,0
4161271809,13838999237565087968,9188464775519010816,0
63491,8072562110035394752,18303719601168449536,0
402776079,9229564744056178368,144141592461049856,0
100727814,2306687537254500288,9730018265412927488,0
805429257,6756464593993760,36033203118669824,0
3758407683,2252315212906592,1837552214608969728,0
3222241282,4504424293597408,54049796624875520,0
100695041,2307813866636574913,9656825938867912704,0
4161232896,9231817368489426976,13889636721429053440,0
4398986293256,4613375349355446272,4594232386954199040,0
1879121920,9225061402143621184,4683897552146268160,0
126982,13835902583354427648,432363159635230720,0
268558348,9224498349084770432,72070796230787072,0
2080503812,13837028620653035712,9440661956068376576,0
1879171073,9226750217643098240,216445468513665024,0
536985601,9225061092877664512,432363163929804800,0
805429255,9231816818735186368,4467834726027100160,0
939651080,13862924318507270528,216326721794834432,0
3221716995,2252280882528352,108090790714146816,0
469826562,3463128458323820608,7134150443785781248,0
805429248,13836747386191348096,432371960023220224,0
28675,17294244901856215808,10089153906614468608,0
234945538,8072562109984014528,9440450883122364416,0
1879293955,2252315217100896,108169957698699264,0
134475791,13838436236053708992,108609775235104768,0
8321556481,9225061969107091504,36308081293918208,0
1006893070,3459749933952794720,216309189202935808,0
7171,17300718723243442880,1009914624251789312,0
1006759941,13838998825218867424,9728892332220088320,0
2013392897,9231253817270469056,4864446166110044160,0
2013323267,3377768442102848,1225018684821471232,0
1,9226749942735831168,144167968929480704,0
522271,17298185688942927969,18411838993680302080,0
939782144,13838998945476378752,144317514321756160,0
229403,3378764892340288,72070791936016384,0
1879138305,3377957420138688,504675843591634944,0
402714625,13843502837179351136,2378177688234885120,0
1610858505,1126106079953088,72083985538220032,0
805396484,9227313201926897856,216603806777999360,0
503334912,4612530701082820736,9368032595582910464,0
939782150,13837028912761668704,216515863027908608,0
122881,9225061092888150208,216199173614075904,0
2201103654919,9231816612576759776,4575936505414942720,0
1040210944,17302689537676804160,16359316916902297600,0
1006655488,13843784629967389664,4251881849460097024,0
1006759940,13839282361895223392,216203636622884864,0
2013786125,13852511634148294848,252428095439994880,0
516159,13854761544184758464,108092988934029312,0
1006737408,13843503369738518720,2234238430072537088,0
2013376513,9226749977096618048,8286755258978271232,0
4026556416,13836747970326822944,4647991900429615104,0
61440,16141323534674690241,2163962028765478912,0
402755596,4612249208900026432,72352296977039360,0
1879308292,2305984013003128864,13871645412261101568,0
402780168,9224498967556915232,54045407839485952,0
8054104081,9225061092902830528,72196140824625152,0
114697,9225060989798449408,432371953580769280,0
1015871,2252280882528288,4449624601562972160,0
127006,13835621073984422848,72070796230983680,0
1610735617,13838435823724265664,216181594849935360,0
939653132,6951728357585191296,216467485321822208,0
2013392896,13836747111333365696,216234388051722240,0
939585536,13843502819982704832,4684759595032248320,0
939532288,9225061367782834304,216234386977193984,0
4026556416,13835621211406598272,216322323211354112,0
1040254976,2308939474478825664,9440661956068376576,0
30727,16144701028252520320,144704593954078720,0
2013786136,6919499867940716640,108099619020210176,0
520223,16149628953705320560,252232372975435776,0
939782175,16152019867273265920,432899751911751680,0
2013470721,9227312944227287072,4684249404457091072,0
402714626,13836747437721518272,9440591586250457088,0
201391107,3458905302881537632,72084118683779072,0
1879302144,9223935330470592704,72141173565030400,0
2013327361,9231817368488902848,504957328232022016,0
537124868,13835621520663118016,108092998595739648,0
3758120960,9224498074206863424,72066423416946688,0
1611120641,9225061402142572736,216185992896708608,0
402665472,13843502785621917824,432890988566937600,0
1879105537,9225061092877664384,144387874475737088,0
4261673984,6921470742532980832,108680194982412288,0
8322543616,4613375349356494944,36031013088329728,0
3222241283,3377905911465056,36070580339900416,0
4027052032,13837028895547719872,72281911053123584,0
939782174,13837028912710811744,108521814304882688,0
245784,9223935227358871648,72330287954001920,0
8322543616,13838999186007130304,108647158898491392,0
201388063,16212679915172528240,252478723710779392,0
57344,9224498177282932864,432398347228676096,0
134246403,13842657999943896768,2522042195712933888,0
1879306251,9231816526675312736,108090823195164672,0
537116689,9224498177289224288,36103571862847488,0
805560344,13835621245768433728,108090822927056896,0
805363712,13838999770141032640,432750214571360256,0
1879261193,10133219421716576,72132368881680384,0
1040316416,13839280712511914208,218420251526692864,0
57348,9225061367782834304,144132783484043264,0
4160892928,9240824335814631440,14376048562473533440,0
939585536,13838999220354285760,4756355375396028416,0
1074774113,9224498142935777312,54081686891184128,0
201388038,4616752671119901760,216181594313195520,0
4026679297,9226750801728241760,72299503239036928,0
1611132943,13838999787354459248,108363484630089728,0
503347200,6921751685070610529,13944265964842385408,0
4027576320,6918373710283407408,4666017302914236416,0
67237903,12682347923228328064,9656614834783387648,0
201455622,4615627183499509952,144977238478028800,0
939651079,16143012659428590464,2234062508748963840,0
536993792,13838999186007130304,432451147409129472,0
2013278208,13836747386210222208,144669358042382336,0
2013519872,9227313768863629376,72580978215747584,0
1074249729,9224498967619829856,36035402410426368,0
35188130242560,9227313219131408416,2360103916365938688,0
4026785793,9226750269160685664,4720333168735944704,0
268693528,4612530477732986944,72070791936540672,0
4161269768,13836747420605087792,2432223091644956672,0
1610661889,6755880479490240,144141592461049856,0
67237903,16155256820950632640,504464797489168384,0
805330944,13836747386191348096,144141583871115264,0
7516225539,3378764907544608,36044198234816512,0
2013278208,13836747145667936320,216445477103599616,0
2013523968,4611967613678911552,216726952080310272,0
1006893072,6918373985165508704,108099619020079104,0
3758612480,13835902720759824768,72070804820852736,0
1879293955,2252332422136000,144132786705137664,0
4161007616,13839280695360358592,8719386694886883328,0
4027572256,9225060989826764384,54049809509842944,0
63,13872072272484239344,540977373181378560,0
49153,13835902961298966016,432371960023089152,0
1610727425,9227313167580790880,252337926090784768,0
2013278208,9226750217613738048,72207135135498240,0
503379970,6926255834252443744,109102373086953472,0
8322543679,13839280695358260192,126134908652879872,0
503577631,16144841834432037088,2810800354626371584,0
1006759941,9227594427793938528,9151873002239950848,0
100695041,3459610571059507392,13980290380457836544,0
2013786161,9231254298341408880,54181742046609408,0
1006759942,13837028912710811840,7134255979721392128,0
805822464,9224498417804247232,216181594313326592,0
2013392896,13836043475430147968,217294352156721152,0
2013392896,13836747162844137568,7026173986711011328,0
8053571615,9227313768893514784,126168963313827840,0
805380096,9225061367782834368,216339915397398528,0
1879138304,13836747111330218880,216445477103599616,0
469891074,6918373693101965568,288248034910535680,0
2013409296,13835621245763190880,2342019149112279040,0
4027052032,13837028620668765120,252478664116011008,0
268562439,13841250745319424192,144176776833925120,0
4026687489,2252280856313920,72083989833187328,0
4161239064,6917951360372572224,9332456801112686592,0
402726912,9225060955465977024,144167968929480704,0
1015871,7881831990427760,108224937575055360,0
4026777603,8725981977641056,216449867097047040,0
1879564336,13836747386312465520,126133791558598656,0
516111,13838999220383646144,144141584408379392,0
122880,13836747111330219968,144132786704613376,0
49153,1126106094633344,432371953580376064,0
805560321,9226750148957177280,108117194025598976,0
268558343,9238573592564203552,1765466033537187840,0
402780172,13844909919999885696,144141592461443072,0
1879072768,9227313201926897728,3530976056129355776,0
1006696448,6921752234689560672,109207960562958336,0
268558341,9225061144444010560,216304731025309696,0
939778049,9225061127234256960,72211533719011328,0
1006751748,4612530546444075200,4828412970507698176,0
268558344,13835621108346257600,216181612030459904,0
1879306248,13836747008227934400,216309129609084928,0
402780166,13837028620649890176,432512706101510144,0
30720,6919499592998322305,865781843989889024,0
2147729409,9225061367766057152,72105976307712000,0
1074249729,9225061092904927424,216199187036241920,0
4026556416,9226750217613738176,72141164974702592,0
12885884935,562984329678640,17348153836946063360,0
268689413,9224498177291321536,216186007929094144,0
2013327361,13838999770174064576,432477521729028096,0
32783,16212826708615364656,126204160571211776,0
402763776,13835621211425472640,144563822105985024,0
258063,16141745729969325824,432358766421147648,0
63503,17303040934735250304,432934970107625472,0
201586716,3459186846576152512,216199203679764480,0
4228093964,16176649468879835696,17924887276186238976,0
3758342147,2251868536307776,108099593249619968,0
2013523968,13838999735754559680,4828144690207588352,0
939778049,2252315212906560,72066391743528960,0
15361,17294245314226560960,18375231837439000576,0
134275079,9225060955463880064,144123985779687424,0
402780172,13844628445041000640,72070804820852736,0
201388046,6926817959602028736,145109162693885952,0
1879269393,9224498177282932832,2414004171087806464,0
403693592,9225061127263618112,72064208153575424,0
402782212,6918373658742227328,432398407359266816,0
3221471232,9223935227357823104,72061992889843712,0
4161269784,13836747437751402544,253323114279075840,0
30723,16143012659429650624,18303174243401072640,0
1040254976,6918373985213221056,7134818946854682624,0
503437316,4612530546502798528,216186113155399680,0
13196152807424,9225061127248937152,2738452462674378752,0
1649770809344,6918374517841592384,217289919213600768,0
201357312,2306828429361676416,14846081047384293376,0
268562447,13868273734623166496,2360200733250289664,0
402894848,13836747386185056704,432398372998217728,0
503322624,6921752217467748544,217289918139858944,0
402726912,9225061127236354240,144141591387308032,0
253961,13838999667091702208,72061995842732032,0
4027047937,9231817368491524192,108374497195163648,0
24582,13840124982835807936,144132782409383936,0
2064447,9231816767207113152,108224931535257600,0
1610629121,2251937254735936,72061995842535424,0
1879187472,9242234287691661344,4647928124728672256,0
268689471,9281356973045710896,18136452755980288,0
268562436,13836747386210222208,144264738300362752,0
2013523972,13836747420571013216,7025894702972928000,0
201388038,4612249226139140160,432398372999528448,0
402911260,13838999220418248896,216311329034731520,0
8321507328,4612249174543433824,18021063761854464,0
1610858497,7881831925415968,36308076998950912,0
8321523715,6755605605777472,36589556270628864,0
1879203841,6755914840277024,36173949196828672,0
1006761984,16144842229572174016,216731367843561472,0
536932352,4612249174545531008,144124004570759168,0
57407,9279104288417644640,36167339242160128,0
17594065117184,9227313219105194016,217289915992375296,0
1006637056,9225061419308810304,144141609640919040,0
8796898353152,9225061402143621184,4684196627898957824,0
4227997699,6756481774389280,4648143633302683648,0
100689926,6917810622882119744,9440415664390012928,0
4161212448,4612530976000050224,4666289981528997888,0
8797972078593,9231817316979703872,504680242711887872,0
1006893056,13843502819982704832,217294317796982784,0
4026777601,1126415318646848,108644959606800384,0
7517224991,9225343444090094048,54112473216942080,0
1610629120,9223935089899995392,144132795294285824,0
469891072,11529637516263031488,9657960671374999552,0
2013788176,6918373985178091616,108152395042127872,0
469892110,6918373693120841664,216304858804256768,0
8800119570433,3378764913836080,108644949406253056,0
8321949697,9227313717385888224,108154577689247744,0
2013392897,13839280403272171712,4539901110789341184,0
1006663680,16144842229581611200,1011040657302618112,0
2013474840,13889945933455034416,2359995060554039296,0
234912768,6921751409991352385,9440661937814765568,0
8054095905,9227313751814307888,54190546998460416,0
402780167,13836747145692054464,2810800337445715968,0
134344711,16141886759506022592,7133873350211928064,0
469825538,4612530546468192384,7350419964668411904,0
1040415,13835902583322970048,108092992153419776,0
3758616577,16145124254364991712,108398686184013824,0
8322015263,9227313717386936800,126239345077583872,0
805560332,13835621520663117888,72070804820918272,0
7,16148993590364735360,8935704610656485376,0
4160761856,9226750217613738048,73044972391104512,0
2013392896,13843502820011016256,3566987248345808896,0
1015811,7881814745022496,36032097835663360,0
507967,9281356088231329888,54058592717963264,0
7516712960,17294878357992769280,504469197148913664,0
1074257951,9225061419317723168,36484011744428032,0
671346688,4615627698895585344,108653807507865600,0
402714627,13835902720795479680,144141592461836288,0
8321523713,9227314876963881008,1261284987626323968,0
8322543616,13836747145676324960,54323588039180288,0
3758243841,9231817351309033568,7025892499386269696,0
516159,13836747420554231904,108647175273054208,0
268492800,4612249037129646208,144264737763360768,0
4228380680,8070943173602968512,10305357483375329280,0
1006696451,16149346396132081856,9728892332220088320,0
3758604289,9225061402126844000,216326730384801792,0
8053481473,2251937256833152,72061996111167488,0
402683904,2306265479389385472,14700276953613598720,0
30722,2306124501386002561,866872559524642816,0
1879564288,9225061127244742848,216480678655688704,0
402911240,13835902583324017760,216339923987726336,0
4161794049,9227313167630075840,540462758253166592,0
3221716998,4504561766105184,108101788246212608,0
637664263,16141886484641744384,1730490632278835200,0
1610866689,9225061092904927616,504429554597625856,0
939646985,9231816818733613152,5152676559441625088,0
16387,16145546002922734272,18303473310563827712,0
1006761985,13843502338944270432,109192533577302016,0
939782144,13838999735814324288,216181645854375936,0
260096,6918373521296982080,72062128986521600,0
4026671105,9226750148898455744,72211533718880256,0
4160778240,9225061419308810432,433242797928087552,0
508017,13835480319293129088,144123985779687424,0
3758612497,13837028637832904928,2414358226851299328,0
3758276610,7881831925415968,36105771154407424,0
129028,3458905302855852128,9295983784753102848,0
1879056384,4629420007114145856,216238756569546752,0
134279182,4638989348932420800,216410284141707264,0
100727814,6919499867940192448,432468842675961856,0
1099981395969,13843502596644405376,5044576953307234304,0
8053080067,3940701215129632,36466419289817088,0
2013394944,4615627200678330432,216463117072138240,0
491551,9225061367816389568,108092988529426432,0
1879064578,2251868535259200,2378045746839552000,0
57372,13889666640372039728,54322479534964736,0
2013274112,9226749805296877632,145143587930112,0
805564440,6927380892358803648,72624976129622016,0
503379970,6918514705488150720,217289952499597312,0
536985607,9225061092881859328,432477513139093504,0
3759136768,13835902995640877152,54049800919941120,0
1745088536,13835902720745144512,4684249404457091072,0
63,8725775850143840,1207103238600392704,0
2013335552,9226749994274914400,72352279260299264,0
503343104,6919499833516490944,72928440533123072,0
1880092672,2306265341970350176,252474288082255872,0
63502,13863205965319380512,36033196676546560,0
469891072,6918373693091479680,144168099928604672,0
469891078,6919499885082320992,13943703014888964096,0
402716672,13838999117298140032,432407151911632896,0
1006893060,6926255834254540848,9278266288474554368,0
7517224961,1688918592325568,108092996448256000,0
805429249,9227313201927947456,3963440358485917696,0
536993807,9225061144444010560,216410284141707264,0
458855,6755674383974880,18016599411916800,0
1610727425,3378232348377184,108187554179842048,0
1099746510848,6926255258827493472,7133974490786037760,0
939634688,13836747420541648960,72066406237339648,0
939782156,4615627733279440992,108655972172365824,0
1032225,2251937258930240,36030996445380608,0
30721,2307813849448841344,432943762977587200,0
1879105536,13838999186005033088,216199186499502080,0
1879121920,9223935192979210368,3530901276453765120,0
4027047936,13837028895546671168,72202746484719616,0
1879564312,13836747420600369216,108301912247828480,0
536985605,9226750217617932416,432363162856325120,0
129039,17301563388674965952,2162836264152203264,0
1879306240,9224498074229932416,72062008727896064,0
268693535,13854761544202584160,108152395579523072,0
503347200,6917810760323178689,18303737206239395840,0
805314561,9225061127236354240,5621020104834678784,0
402714630,6922525337333006720,14268511931525496832,0
4161269773,13843503386918912096,7025892503949737984,0
1006702592,9226750801762320480,1261223407995846656,0
7517208610,8444781878837280,1765479225529204736,0
1879302160,9226750251972427872,108231541356199936,0
126991,16147375470061552000,432371968614727680,0
3221340160,9224498074208960896,72070796230524928,0
16106749955,3378180789370912,4666291064934498304,0
1879302144,13835621537875496000,72083998423384064,0
469880836,13837028646424428641,72915246393589760,0
2014310401,9231253877369339952,108644959606800384,0
253966,9237446713469306432,1801453046698409984,0
805429248,13836747386210222272,792765483328864256,0
1040305152,3459186984016150592,16213829505028980736,0
805822492,13853917119255674976,270355648906002432,0
63519,13844909945764970560,144176844486737920,0
402714625,9227313219124592832,9440661956068376576,0
67137543,9228720164522951808,144124000812793856,0
1610735616,13836747386191348096,216185984307167232,0
1006893064,6918373693120839872,144247162757971968,0
1880094736,6918514705521704992,54058622917738496,0
1879109632,4613375074458665344,144555007759351808,0
5906096129,13838999186021810624,252208184658345984,0
1879171075,9240823811829927008,3566987248077373440,0
4026789888,13836747111366918208,216203584545882112,0
537387008,13837028895544574912,108381093996396544,0
67368990,13836747111333363904,4684038298224951296,0
63495,2306124587302126784,434562244093673472,0
201357312,2306124535761469824,9512218171730296832,0
134739983,16149768608660586592,2414208684545671168,0
4161269775,9227313167631124448,108539423939821568,0
2013526016,6918373658742227328,2450389222491029504,0
469886976,6918373710335838304,218415792276897792,0
4161007616,16142871647047127136,7134260369714839552,0
2080575488,6920625767782023200,13871645420851036160,0
1879306240,4611967596512677824,108093004770050048,0
28673,4612530683908194432,432398370852044800,0
1879306240,6917810760330511232,216449867097047040,0
4026679297,7881539869212736,1261144243158646784,0
268498951,3472416170457962528,13944019691417632768,0
4161007616,13837028620666667456,216234369797849088,0
536993792,13836747386191348096,144141592461312000,0
2148466739,8725870307442704,1783493624038686720,0
114719,69806326800711728,36035402410459136,0
260103,17294033735480521664,17222882111090851840,0
268558348,9237445854441246656,216199186499502080,0
122888,13835621108321091712,432371955728252928,0
805429261,9240824550582648928,108169970583797760,0
57359,13840406320389294016,72070796230983680,0
2080405504,6926255284496629824,505511532558286848,0
4026785803,13843503386981830768,7458519551475449856,0
8456695808,13835903571193495600,55166930234900480,0
503348224,6921891992865604032,16574363765823242240,0
469891072,6918374517726249152,9656614834782863360,0
1611120673,9225061127266238560,36070582218981376,0
2080503808,6918514456363794528,14052347974495764480,0
201455616,6919218118035243201,434579780445143040,0
3758276611,6755605601583168,108365671036878848,0
32783,9241949866416931200,216177180428779526,0
507905,2252212155712384,216179379988922368,0
402714626,13837028637828710784,3170780443306098688,0
1006696451,13843502356124139585,13908232769776910336,0
537124877,9225061951933513776,6971719566049345536,0
1006661633,9227312944229908864,432890937027330048,0
1879162881,9231816767210258528,216309129608691712,0
3758612496,13837028912709763264,4684172438911811584,0
4161007616,13837028646408683744,9152431579916664832,0
2080503808,16149627871138689248,14088381170098110464,0
201455622,13837028895581274304,216234388051722240,0
516127,13838999246138507312,18411273828597497856,0
805826620,13890791183069216816,54262015388254208,0
30753,6955528407195582496,18303156651215028224,0
402780164,4612530683890368704,216199238040158208,0
1879564348,13837028895581274336,4162450873131204608,0
805429261,9225060955447101312,3674946093101088768,0
939651077,13837028646419169504,504957378699722752,0
1879302153,9234068567037575232,108090805746597888,0
1610739712,13836747317490745792,72070804820852736,0
805412869,9227313219105194016,36323482778206208,0
235141151,16145124254305747136,216234422949380096,0
134344718,13836747386210222464,432398372999004160,0
805412864,9225061092888150144,144141583871115264,0
1032251,9223935107067805744,36457623196794880,0
939651080,13853918107299229720,13889662018383773696,0
4295483392,13838999787339776048,9278266288474423296,0
8053571585,7881557047509088,108222734256832512,0
253983,13853917394183913504,9277923223666688000,0
1879056384,9227313150388338880,2522165332425048064,0
4160876544,16149628953503465568,6972695958144417792,0
8054095875,8445340224847920,54603963370045440,0
1476653063,4612530958818608064,72123598559379456,0
939581441,9226749942748414336,864937431944658944,0
1040316416,8074813926995394752,14340578349573734400,0
1879138305,9226750251972427968,144660560875618304,0
49154,7881831924891712,144141578502406144,0
805560328,9226750217618980960,108099619020210176,0
522243,13836747420605087776,108662672055992320,0
8456105984,13839000835392012480,108647158898491392,0
1879130117,9227313219122495584,72281902463057920,0
1006696448,16145264459243847904,505520329725050880,0
134344735,13906553180461729664,216179396229316608,0
15394840645633,9230128501448769568,973212959939493888,0
469825537,16142871595497554304,1009351706512195584,0
245763,9225060989857173440,72064191376228352,0
1040480,13836747386243777504,54049800919711744,0
402907165,9225061419292557504,432468776102920192,0
939651079,13839280721100275808,7134260378304774144,0
536993792,4613656583784628416,2378036946451562496,0
134279171,16142872454550782144,216445596291039232,0
520125440,16141324367948677568,4828975920461119488,0
1610866701,9225061127247888576,216291537691181056,0
134279172,13844628445041001536,216199177909305344,0
402780167,13837028895581798496,7026173986711011328,0
1879302144,13835621211400306816,144211952615292928,0
805560348,4630544944952508608,72088397006503936,0
1879302147,9240261600617168992,126239336084537344,0
4026941442,7883481258917936,36173949196828672,0
201455622,4613656609553907904,432961357312688128,0
939651072,13836747145662693568,216445468513665024,0
4161007616,13836747386237493184,1837569819679916032,0
402776073,2252212162003136,216199177909305344,0
4026556417,9224498417800052928,216326730384670720,0
4295487503,9225624248993710464,252208184658231296,0
201357319,16148501421475496128,9368595599223422976,0
1879138305,9227313150386241600,216339923987333120,0
98307,9227594178686353472,216190380742279168,0
536985608,9232942306335653952,72132364318375936,0
2013786141,13837028912829045808,126168967608926208,0
4026789888,13852510534636667072,72062026176200704,0
2013786128,13838999186007130304,109155150181957632,0
4161009668,6921892980835748976,2270935780627054592,0
1610866689,13836747935963939200,216203585082556416,0
402677763,3377734082363776,864937423354724352,0
1879175168,6917811018078879936,144141642930585600,0
4026654720,13839281262297612384,252760147145785344,0
4027047936,13836747111326024448,216185980280045568,0
805564440,13889945796032857648,54331301666684928,0
126983,13838999795979255904,217289919213600768,0
1040384,13838999186000314384,108218345337126912,0
1006639104,6919499610204414080,9656051867649572864,0
1879564312,13835622087633928288,2414085547833622528,0
470022156,13836747420571009120,72224735911870464,0
939573251,3377802801840256,432398355818086400,0
1040250880,2306687674693453696,432890954207723520,0
939784193,13843502785626112192,252214841455149056,0
516096,13836746973868197056,3494870284975013888,0
536932352,4612249037112869120,288247991961649152,0
15,13835903012789813296,16393375322512293888,0
1046655,16195085023298717680,108099601840340992,0
1007155208,8071295197708812672,216485077239332864,0
537391119,16143012659429638368,216449892867637248,0
2013523972,16149627321359794272,4865009133244252160,0
416768,4613374971367915584,17510061321914155008,0
537116681,9225060955465973824,72066398184407040,0
2080405504,16142590120529232320,216199238038585344,0
3,13867146408852461584,108218332452225024,0
2014310432,13836747996182347824,54190538408067072,0
268689409,3941182268244064,108161165900775424,0
49157,1126106096730176,72061992621408256,0
17594065215489,13837029462516957376,9151868612783374336,0
7517233183,9231816543855706160,108295315178061824,0
939634688,13835621211425472640,432398372997955584,0
8798106365952,13838999770132119648,7025892498849398784,0
1611120695,17734018750218288,54322475508432896,0
13195079069697,9225342456182603841,13980281566111203328,0
3758219264,13837028620651987136,72281928232861696,0
201455623,6918373693120840896,504886959488106496,0
805421069,9225060955449196736,216251955004243968,0
67139587,6921751392841367936,5044585752621744128,0
4160778240,13843504469313060960,108433870554136576,0
939597833,7881333708685376,1297186242370207744,0
4161269776,4613656875906891824,54181768084848640,0
4160856064,13835902720762970304,216449875686981632,0
1879269377,9225061402139426880,216234370871066624,0
469792768,16149627269839586176,9728896730266599424,0
268558336,9225061092898636288,864717517807943680,0
4398449172483,9231253439285035072,4684297773841907712,0
940046360,6918514447790113760,108328300258394112,0
49167,2252212138934656,72061992621506560,0
1040316418,13836747437750884544,8286896000761593856,0
268492805,9224498005483192448,432398347228151808,0
402780164,16141745729975615936,216445494284255232,0
2013392896,13843502819982704832,505520294291570688,0
1006661633,9224498142924243328,216621416143912960,0
939782144,13835621108321092800,2522169731008561152,0
2013343744,9224498142935777312,36527992209408000,0
939585536,6918373693120840128,216731367843561472,0
8456138752,13837028637820846176,109210125763346432,0
4026777601,9240825650077499488,108363476040155136,0
1879072769,3377940241842240,72083998423121920,0
402907137,9224498452176568512,216186010076643328,0
805314560,9224498349107839360,432407140099948544,0
537116687,9240824550595231936,252337926627917824,0
2651322368,13838999237552504928,108381128356724736,0
1879564319,9245609101247644784,4594232387759505408,0
4227985408,13838999237533106272,9728329382266667008,0
129039,16141323397235736640,216186000951214080,0
4161007616,4612249208914706528,4720295785072164864,0
491555,2252212195561456,18020995847684096,0
234999808,9224498177310198976,144141609640919040,0
671346702,13839280420466720864,36571972674519040,0
201390094,4621537900342806720,144423084618416128,0
402782215,6918373693121888448,216726968186961920,0
402780172,13836747420558426176,216397099129044992,0
1879568408,16141745540997062624,9187376233237839872,0
8323592225,13836043337992242144,54895454344708096,0
2013474816,9223935055542354112,72132368881680384,0
4027047937,9225061127248937024,1369230634215538688,0
2013786142,6918373710302283296,4720280400767942656,0
268951553,9225061144422514784,72281911053123584,0
201455623,16141323534673641920,433462735688695808,0
7516700675,3378782087413792,36033200971251712,0
