19459,3465942452209192704,1729487822912225280,0
1073942540,13849414361492230080,504433945396379648,0
135192,13862926259885965696,432371954117312512,0
210956,16155398735326625472,14051525507317497856,0
12288,13844911870167756992,216185977058656256,0
274448,13853917995481440192,72064191241920512,0
34822,6922455716040020416,288283154857328640,0
65548,13582262875455872,288283159152689152,0
100669440,13840125463913041856,864743907160752128,0
3078,6924706965997224832,864743911455981568,0
67112964,13844910280882001792,144141577965535232,0
536903682,4503908883891072,144141577428664320,0
17415,3465943001956618112,2017718199063937024,0
6150,6931322392488182144,432363159634837504,0
134225928,9232943319999316096,144123984974184448,0
405520,13889947926839959648,108092988529311744,0
1073807368,13844910246468782016,72070788982767616,0
67121152,13849413932062613440,2017665412841340928,0
100669452,4620976642841911744,216185977058623488,0
402677761,9232942770281254784,144123984705748992,0
200712,4638990757748805312,216185977058623488,0
2147614728,13862362244782759872,72061992352874496,0
122887,9238572768062081408,432371954117312512,0
33622028,6922314978551664576,432363159634968576,0
104462,13849414224052224960,864814280199897088,0
65544,9241949995234492672,288247969411563520,0
67121158,13850541206359511008,1008859096847220736,0
100356,6931462640416853888,432363159634837504,0
536903686,6755691518756800,1080877104708452352,0
2147680269,9238572201025732800,216185977058639872,0
12296,13862925778849630144,216185977058623488,0
49156,6922314669284663264,4467579626981457920,0
196620,13849132680357087168,216185976655970304,0
49154,7600133627711360,1585293458187223040,0
134230040,13863066525130039280,4575670416353263616,0
67112964,4617034919290340224,288283155931070464,0
24579,13838154606480728000,16357087041554481152,0
268451843,3940958947254208,432371954117246976,0
570492932,2319776596188733408,4143318254519058432,0
67123200,13849414155400912832,432371954117246976,0
4102,4626042943167270848,432363159634968576,0
24593,9252084236958041984,216185977058639872,0
100669456,6945396751250493312,2161780598769713152,0
100732940,13844911363201175488,1008823909790777344,0
135180,4621538226861510592,432363159635034112,0
201338880,9228438964415760320,864743906087010304,0
134275079,9231816664144678880,144128382483824640,0
131084,13849414155333797568,144123984974233600,0
139272,13844910280799160256,504407556580442112,0
114694,3465731870027157440,432398344007319552,0
536905732,2315273649427316864,432363159634968576,0
201469980,13867429378514762736,18429270635189370880,0
4,3467913610285550656,144132781335707648,0
77836,13844910272222334848,432363157487353856,0
147481,28711530022831040,432371954117279744,0
67112960,9225061230378485504,1152991881940959232,0
98316,2319776862440523712,432407137952530432,0
77836,13849414980034629568,432371954117312512,0
268484610,6896978809063300,1008841507345530880,0
134242305,5629843196608768,288247969411497984,0
33558532,4625761450992865216,2161754211027517440,0
67112972,13849414138148686208,144123985779490816,0
131096,3486283013799018944,432407140636819456,0
143368,9232943938518126528,288247969411563520,0
16780294,6922877980043648992,6377167449690734592,0
67117056,9238572338486714304,288247969411497984,0
67121152,13840124914119479232,3314666921151954944,0
16779264,2310628668041334528,576566309714657280,0
3221425176,3486209999162056640,4251428835368632320,0
202760,16168768307228327616,216185977058639872,0
24600,9232943938541715584,144128383020695552,0
100675592,13862925761723240432,504411955163824128,0
3221356568,6944973954632392672,4539641619334299648,0
4100,4625760351444533632,288247971558981632,0
262160,9241949969448435840,144123984705781760,0
67383320,13898957049971090400,252216973235077120,0
100358,6931462915295559664,432371955727859712,0
196620,15200593667687104,216185977058639872,0
67588,2310769388374986368,144141577428664320,0
67112972,13849413880523001792,288283155931070464,0
24579,9228439170683241088,216185977058639872,0
49158,1742964292253654976,432371955727990784,0
25168896,8074250977076068336,8647122399373819904,0
1073840134,4785925074192352,108090789371838464,0
33556480,6935826017951948480,144123984705781760,0
65540,3467913017607331712,144141577428664320,0
1024,3465942452277351296,576531129637535744,0
98308,2319777102924087424,432363157487353856,0
16780290,6925270671897399168,864814280199897088,0
67246092,6931322151955337152,2233798610120605696,0
71692,6931885127692715904,288283155931201536,0
33798,2319777102957642624,864796688014114816,0
536969220,6931322177709940704,9079283238668599296,0
28675,9230691314095358336,288247969411497984,0
28673,13838155139122208704,2161745416545107968,0
57346,9230690695527796672,144141577965535232,0
3084,6931885127683284960,8935176851517865984,0
100669442,6924566778366140288,432407140099948544,0
134225921,9227313201981431744,432371953043505152,0
8204,4625479374650476224,216185977058623488,0
33593350,6931885952394072032,432407137952464896,0
32772,4786156987748448,4719779006822481920,0
6144,13837028620703907616,9799938346569433088,0
33619972,4616471677182681072,5476412333402095616,0
100667398,13840124914157225728,864743907160752128,0
536903684,4504475812233600,144123984705748992,0
134225920,9228439514214565760,432354360857460736,0
33753112,6944974745103767744,432371955727859712,0
65544,9008281589645440,144123984705781760,0
33786892,6932025865239797632,9079423976156954624,0
2052,2315274096103916480,144141577965600768,0
4100,4617034644384122816,144123984705748992,0
33691656,4621539326373138368,864726319269806080,0
35847,3476077346869491648,1008859099531968512,0
270352,13862925778916740992,144123984705781760,0
201338880,13849132869403677552,864743907160752128,0
3084,3486211648563199936,2449984588789841920,0
4100,13844910280814888832,144141577965535232,0
2050,4616753427067701120,576495943117963264,0
196620,2320622618873960544,4719779006688272384,0
33558528,4616753220914519952,4035296734379769856,0
268451842,4504441476616176,2161763005509926912,0
3084,2315274130463654272,864726314974838784,0
1030,3472417725496180672,216199172003528704,0
1073942540,13849413880523005888,2522028986272317440,0
268304,6936389208419336384,144141577965535232,0
106501,9229565414086803840,432371954117279744,0
36870,13852510431616172480,864743908234625024,0
65548,2310769113383830464,144123984705781760,0
34818,2310628616408400128,576566309714657280,0
12289,13839280489236537088,864726319269937152,0
4100,9232943938476181248,576495940970741760,0
98316,14356306210062528,216185977192841216,0
4096,13837028844109569920,288265562671284224,0
33558532,13849413863342083968,432363159634837504,0
134225926,9231817222525558720,432363157487353856,0
2048,4612530752660178816,576531125342568448,0
536903682,6755708697577344,144123984705748992,0
19459,6924566984522729728,864726319269937152,0
36870,4616471934971941312,216181578743676928,0
805355523,7178041456336832,4575670416353263616,0
98308,4616471969237304192,432371954117246976,0
134230024,9250958354205904768,432354360857477120,0
16386,2310769663185781120,288283154857721856,0
6148,4626042925983735552,864726319269675008,0
536988678,8086637533908176832,504469132721258496,0
9217,2308376610461454080,4035295647753568256,0
268484610,7037303934420160,2161736617767731200,0
16909320,3485999137935605344,7169743802523975680,0
134246403,13842658755880161248,2233798610120638464,0
268484611,6925129874281074624,1585293458724159488,0
73741,9238572750815102144,216185976521777152,0
3074,2312880725577177472,288265566966513664,0
73733,13843995156381958912,864796688014639104,0
135192,4630545993051410048,144123984705748992,0
4096,13839280626743394048,576531121047601152,0
77836,13849414224053273728,144141576891826176,0
139293,13868555622048335808,252216973235118080,0
8691390512,8124989637853200368,9205360936880177152,0
2054,6931322383897723264,864743911455850496,0
16780292,3474951034503700352,864796688013852672,0
16813059,3466013383663034336,4323701945765724160,0
45058,9230690918857703680,288283155931070464,0
3074,2313021222519062464,864743911455981568,0
16878598,6931463748653432704,1008938264368775168,0
34819,4614219757139267456,432363157487419392,0
67115012,13849414206838800640,864743911455719424,0
1073807372,9237446369939558272,432363157487419392,0
33798,3472698126502989568,864796685866762240,0
16794627,2308517313603706752,5476429929883369472,0
24625,9277981532548510560,8682943380306526208,0
33591300,4625760634903990144,2017630226858639360,0
8406530,3466013448086757120,1729593371733262336,0
33556480,6926819402812755584,432371953580376064,0
268484611,9231816818764547968,432371956264796160,0
133136,6971997760058298304,72070788445913088,0
67162114,4618723184968994496,144123984705748992,0
8196,9228438912885588352,288247969411563520,0
134225924,9228438895727742912,864726314974707712,0
6144,13835902789485596640,288283154857459712,0
134291460,9228438895696285312,1369098685035577344,0
2051,16156946804883595232,144123984168943616,0
69636,13844911380340146368,216185977058623488,0
122887,9229565414121938912,5044057972544634880,0
1024,3472699239127596928,864814275904929792,0
139276,9233224262468243264,1224983496959721472,0
35846,6932062232884547552,2017718192620830720,0
286744,9232943251246285696,216185976521777152,0
33560579,4614782569654787968,5476429929883238400,0
33560580,4617034902014005120,288265562671284224,0
105478,6931322177806403552,504464738433105920,0
134225920,9232943869823815552,144123984705748992,0
16780294,3463691167859744704,432363159634968576,0
36868,13849414155299193216,432363157487419392,0
805404676,14356100043247424,1801444249397362688,0
67129346,9230690729911650176,576495943117963264,0
1073844228,13840406406310662016,1873510639394095104,0
100358,2310628960057164672,432371954117312512,0
2054,6922315047271138048,1729452638539350016,0
286745,9252083068627322816,216185976655970304,0
4097,13839280643918274432,432371954117345280,0
50337792,6922877932775817152,8935194443703648256,0
1543,1166574716148256704,288283159152558080,0
12288,13849413863245615040,2161754210490712064,0
2147692557,13850258631777325024,432371954117279744,0
6442850320,6971997760072978368,216189275727724544,0
99334,3472769843956027328,1008929468276015104,0
6144,4612250033666655744,1153062267866054656,0
268451853,9008126990747520,144123984705748992,0
1073938444,4620975268288272832,4251402446552711168,0
1073844228,13840406956065427424,4575683610761232384,0
134225922,9228438895706246528,432363157487353856,0
33560578,4617034919426408432,288283154857459712,0
33560578,4617035125331329408,288283159152295936,0
513,1156440379968462720,864796685866369024,0
33757208,6935968963129524064,108092988529311744,0
69644,13844911363160277888,432371953580441600,0
402743308,9250958268332777440,216185977058623488,0
33560576,4614782569646395136,864743907160752128,0
536903686,7600356979638720,432371954117246976,0
1107499020,6949337400950398960,7134700167118192640,0
50182,2319635884474896256,864726319269937152,0
12296,13849132113387849664,1008832706420703232,0
134242307,9231394511839561664,1008859095236608000,0
33556496,2360311741779808320,72070788445896704,0
4102,13840406389143898048,864726314974707712,0
1073938444,6931464229555273920,216199172003463168,0
50333700,6931884852857552864,288283154857328640,0
4100,4616471694391902336,144141577965535232,0
1073809420,6949337881918833024,432407140636884992,0
1024,2315132834704006912,288265560523800576,0
32,2360031314917720096,36030996176445440,0
3355582488,13862925229098016704,4251404645508841472,0
6156,6926819402745644992,144141577965633536,0
71692,4626042943179857792,432371954117246976,0
33605634,6924566194153330816,4467597219704340480,0
1073809420,6931462889496518592,9151345230753038336,0
67162114,13842658188957060992,864726319269937152,0
16780292,2319776587612954496,432363157487353856,0
268472322,4616471952089941888,864743906087010304,0
67112960,13849414980169642368,288283154857328640,0
1073942536,13844911861443592640,504433946201686016,0
302008323,6920062766311018368,4539663615204261888,0
16780291,2314006247452450688,8647016850552520704,0
12288,13839280643908845504,504420753672830976,0
16386,1157566408739002496,288265560523800576,0
33626116,6922877928437977056,864726319269937152,0
1610678284,2333077422741135040,216185977192841216,0
8200,9232942787423372416,144128382483824640,0
2050,4617034627165456256,864726319269675008,0
1026,3461157893069347200,864796685866369024,0
4102,4626041809241374912,216185977058656256,0
402669573,5629843163056000,432354360857460736,0
196621,9238572767994972096,504433946470154240,0
2050,6924566761118371712,1729452634244382720,0
2147942424,27446000794206304,108092988529311744,0
12344,16197059565843382656,432376352432242688,0
4096,4617034352287547520,432363157487419392,0
134225920,9232942770244552640,216185976521752576,0
1073840134,9239979902402830304,8178543520508805120,0
143368,13862926259953078208,216203570318442496,0
268484610,4926653962651520,864726314974707712,0
33560584,6945396751276195808,7349900981758328832,0
229404,2369319490790362976,108094087839612928,0
6150,6924707481426857344,432363159634968576,0
16813062,6922314712263693056,576566311862140928,0
134242307,9228439187859967936,216185977058623488,0
32774,2319776862427940736,432363159635034112,0
268574728,9232943938542768064,216179379586203648,0
16386,2310628667989952448,576566309714919424,0
36878,13844911380407258304,216185977058639872,0
8200,9232943045121411200,144123984705781760,0
131096,13867428553797142464,1080877105513775104,0
139276,13844911449126739904,2522024589031211008,0
67145730,13842376812763549440,288283155931070464,0
1026,1157566417349910400,1008859093089124352,0
101380,6931464233848668544,864743908234625024,0
16778244,3472417725361423232,432398342933315584,0
24589,9240824550569017728,432371954117312512,0
67121152,13849414155333796224,432363159634837504,0
32772,4621538733550207232,864726319269937168,0
33593346,4619286177846927232,3170586917448187904,0
6,2310488197268775104,144123984705748992,0
50334726,6924707490052980576,18410721873760354304,0
51206,6924707524444176256,432371954117345280,0
2052,2310769388291104384,432363159634837504,0
196632,27234366215684192,108090789371838464,0
134291460,9228439445469923264,216185977058623488,0
51203,6922877928411766656,3747047669751611392,0
100358,6931462915227649920,432371953580441600,0
57351,9238573455391866848,504418552233590784,0
16780292,2319776587763954048,288283154857328640,0
33556484,6931462915294509024,1008859099531706368,0
268492807,9231817145283518448,3674950490879164416,0
4108,13849413880429678208,1297045489581047808,0
67592,4620975276810047232,1441169472944603136,0
134225922,9231817214002208704,288283155931070464,0
134225924,9237728136872854464,216185976521752576,0
25168896,2319776621929700224,8935247226704232448,0
33556480,4616471969240453088,288283154857328640,0
134242305,9227313150518370240,432371955727925248,0
536907780,6926960106075586624,72064191510347776,0
3,2312880774952533248,864726319269675008,0
50333696,2319777687141892064,5044057972007763968,0
67112960,13842377263736162176,288283159152295936,0
12300,13844910693145379264,432371954117312512,0
4096,13840124914166663424,864726319269937152,0
36866,4618723837871136640,144123984705781760,0
268484612,1166504330295779296,72070788982800384,0
67112962,4618723769151655872,432371953580441600,0
16780289,3461438990008196992,864796694456827904,0
268492807,9238572338540715968,432371954117246976,0
12288,9225061058545190656,288247969411694592,0
516,1157638401138098304,288265562671546368,0
50464776,6944973954799902656,234195977521594368,0
134242313,9241952735494410208,36032095688073216,0
1028,3472699200338141120,432398347228413952,0
201355267,16145686706103812064,144141577428729856,0
4098,4619286375426951552,432363157487419392,0
100669440,13844911431946866432,864743907160752128,0
8198,13843502820045621120,864743908234493952,0
110598,13840406406289688448,432398344006991872,0
8192,9228438895738228608,432363157487353856,0
2052,4626041826420196320,576495940970483712,0
100669442,4614782707050745824,9079591102461247488,0
6148,4617034627140290304,288283154857459712,0
134357017,9252084236959879136,432371954117246976,0
536903686,4785401044666240,432371953580376064,0
135176,13844910280828520320,432371954117312512,0
131096,9232943251221119360,432371954117345280,0
67211268,4626041826407616480,1080899097088491520,0
16779264,6920062628901424896,288265566966513664,0
100358,6922455681613170560,432363157487550464,0
65540,9228439445489845376,144132781335642112,0
98308,4625478893647693760,216181579012112384,0
1073971228,27236582620143584,4431548630804996096,0
104452,4621539343548288960,432371953580376064,0
49154,6896437643183744,432363159634837504,0
16397,15200026730954880,144128383020711936,0
134230016,13835903219079846080,216185977058656256,0
73732,9229565001765748864,288256766041456640,0
134242307,13842658755935616960,7133715003894398976,0
2048,8074673172324026112,1729487814321766400,0
33794,2313020913231071616,8935299992525078528,0
12288,13862925778916737216,216185977058672640,0
532528,9242232080198272960,108092988529319936,0
4295888920,6945539696377728992,2233816203380424704,0
67112964,4617034627165458304,144141577428664320,0
67112962,13840125189019934592,288265562671415296,0
2054,4616471677280718720,864726314974838784,0
8705,1156722293098942400,1729593388912607232,0
38918,6934136927506401152,432371954117345280,0
0,10957117619791988480,1153062267865006080,0
786481,9252084679341506752,216188175679242240,0
134225920,9223936670471032704,1585293458724093952,0
16778240,11530622575602306944,576531129637535744,0
201469960,13853918029906972544,288283155931070464,0
536903686,7178462371516352,216185977058623488,0
270360,13900223906276318944,108092988529311744,0
2199157481472,9232942770214146032,432363157487353856,0
98308,13849414224052225920,432371954117246976,0
134242307,9230691253949570944,14267430011546894336,0
536936452,9289275562526688,288265560523800576,0
268453891,6924566778298507248,4899969174358458368,0
4100,4618723769084551040,2161745416545173504,0
33560576,4621539326372618176,432363157487353856,0
6156,4625480405493481600,144141577428664320,0
274911463424,4619286701898997664,4539663610909032448,0
67186700,13849414155333803968,8286777246929141760,0
12300,13849414155333799872,1945568233968893952,0
67112964,4621538518867378560,288247971558981632,0
201338880,13853355045727240256,72061992487092224,0
65548,6931322177704690560,288283155931136000,0
196616,1180014579344216032,216181578743676928,0
6150,4619286289607824320,576566311862403072,0
1073831949,9238572613376675776,432371954117246976,0
134242309,9238573850393838016,216185977192841216,0
36866,13842376937284043520,576566311862403072,0
2147686412,6944974753559485536,252214774077603840,0
33560579,4619286719037964544,864726319269937152,0
1610678276,13511374540902592,216185976253317120,0
4295372824,13862925778849632192,108092988529319936,0
12296,13862925229101158272,144128382483824640,0
8193,10379883442898731392,864796685866369024,0
143372,13845755865467457472,432371953311956992,0
139276,9229565018924646784,144123984705781760,0
69644,4625480474396983488,216199172003528704,0
2056,6926819368453541824,432363159634968576,0
24583,9237446850848489856,432363157487419392,0
409609,9232942770230920384,2233798609583751168,0
139276,13849413794509357184,216185976790220800,0
16813062,6933716020779025376,864796694456303616,0
101382,6931462915227648384,864743911455981568,0
1073807372,13849414361492229824,216185977058623488,0
131080,9852706569060480,144141577965568000,0
34818,6922314394352226176,2449984586642423808,0
134225933,9238573438077509568,432371954117345280,0
16387,7881694551476096,432363157487550464,0
200716,13849414361457623424,432358759172407296,0
134492176,4629983567078232032,36029896631255040,0
143384,13864050630783402880,432371954117246976,0
18435,6924566915804303744,864726319269937152,0
33654790,6931322186329755584,2161754210490712064,0
66564,1162141468020184000,4251406844867641344,0
1610809356,13511649352222560,108092988529311744,0
33589250,4616471419513999232,288247970485239808,0
1025,3467139476774455040,1729593380322672640,0
77836,9238572613341544704,288283155931267072,0
50338822,6935403771126104048,9187448799394529280,0
8590721072,13889948991589187680,108088590281474048,0
33560580,4626041843668754336,288247971558981632,0
1036,3490432123870908352,504429548155174912,0
4104,13853918012721070976,144123984705781760,0
4295229456,4630127018994303072,108092988260884480,0
4104,13862644286693050240,288283155931136000,0
2048,4614783102296785664,576531129637535744,0
204808,13862925022935385280,216179379317768192,0
24585,9234069013749303040,864743908234493952,0
25166851,3465801697540972480,3458905259898830848,0
202764,6931323071159606400,144123985779490816,0
196620,6931322177705738368,144123984974184448,0
1073819660,13849414155333797824,216185977058656256,0
16387,15200233094914032,144123984705748992,0
536981516,16155399010175164352,4539641618931646464,0
36866,4619286701857050560,864726314974707712,0
33794,2313021600504484224,288265562671546368,0
6156,16158635070426449792,864743912529657856,0
1140916224,13844910538593669056,432398341859442688,0
2054,6931885196378637056,576566309715443712,0
8194,9226750080202048256,576495936675512320,0
32771,9229565414121406592,144123985779490816,0
139272,13844911380407258240,144141577965633536,0
100667392,13842377332429426560,576566311862140928,0
102412,6927382352736821184,4575683610761232384,0
33560578,6920062843731065216,288283154857328640,0
201338928,13889949025948934080,108092988395094016,0
266256,4629983008640207840,2341874005390131200,0
33564673,4615345364946390912,2594108574032723968,0
100669440,4639553205292515264,8935194440482422784,0
16779264,4614219602493181696,1008876689570136064,0
134246403,13839280643922464704,504429548155174912,0
67112964,13844629888249630656,288247969411497984,0
65544,2315132800267714752,144123985242685440,0
245775,9240824567808657344,1116905902666956800,0
16780288,3476922965771165568,144141577965600768,0
65540,9237446402083130496,7061653011809959936,0
28673,13890095201000366064,1855485245499899904,0
35846,6931886008229040112,1729646152585838592,0
16778242,2313021497359735040,864796685866369024,0
98310,13935201913667776,504429548423643136,0
102406,4619286220820711552,432363157487353856,0
3074,2310769663221440448,144123985779490816,0
143384,13862925778848583552,144123984705781760,0
28675,13838999220408819584,2161789397010284544,0
36870,4617034902044410240,288247971559112704,0
16387,4037618241566154720,5044049174840999936,0
33560580,13849415306586890208,864743911455850496,0
536920066,9226186958447839104,2161754209953775616,0
2072,6945396751245250496,2161780600917196800,0
8195,9230691245274169728,432371954117312512,0
49154,2313021471654420416,216181578743676928,0
2060,2319777927646943424,144141577965568000,0
48,4630264225900265856,432371953043537920,0
19458,2313022322186388416,864796685866369024,0
285262851,3465943010597945248,9187466398023024640,0
16387,1161014760694615936,864743907160883200,0
28675,13842377263773925360,9367496021023653888,0
1030,3472698092139057024,864726319269937152,0
14,1756827733690686848,2269875784845885440,0
369121283,6924707112118394848,18086469298196316160,0
264216,8133997661741653984,108101784622333952,0
134225920,9229564864322602944,432354360857460736,0
3084,4626041620229260032,1729487814321897472,0
229390,4069496799016525792,4539659212594085888,0
17923,3465661741800622208,432398347228413952,0
73736,9232942770214144128,2161741015545823232,0
49155,7882227194535616,216185977058639872,0
135176,6926960105909915584,2233798609852203008,0
202760,6944974512973676736,216185977058623488,0
67121176,13862925778917269440,216185977058623488,0
536973324,4620975259648001984,504416353210351616,0
133144,6945537969800351616,432371953580441600,0
27651,3465661501286648192,864726317122453504,0
20483,4615345725766633600,144123984705781760,0
1073942540,13849414275558278112,432371954117312512,0
67121158,13849415254913064896,432371954117246976,0
8196,9237446369937981568,144123985779556352,0
33560582,4616471969271388544,288283154857328640,0
4100,4626041843668227968,432363159634837504,0
2052,4616753152163579648,288283154857459712,0
12294,9231816664146248576,864726319269675008,0
67596,6926818303204657024,720584737009172480,0
1744936967,9231816801575243232,4467693978875068416,0
2048,2310628410283531520,864743907160752128,0
4112,13853918029826492352,144123984705781760,0
98311,9240823863400465280,432371954117345280,0
49159,7600915307561856,864743911456112640,0
200716,4626042101299676928,864743907160883200,0
16902,1743034360277239552,576531133933289472,0
536911878,13849414224120389312,2522028986272317440,0
73740,9232943869818046400,216185976790188032,0
17411,3465944101677961088,288283154857328640,0
67121152,13849132731964334016,864743908234493952,0
65540,5066876025569408,144123984705781760,0
33558530,4616471419513997184,288283154857328640,0
24579,4619286719076245440,216185977058656256,0
4295753776,18438268936523696,1206965799646920704,0
4097,13839280643855352064,576566309714657280,0
102412,6926960114514534336,4539654814279172096,0
32774,4617034987925933952,288247969411563520,0
6148,6931462880935022784,432371953580441600,0
268451841,9252083618482751424,216185977058623488,0
393241,9250957254653378752,216185977058672640,0
8208,13862925778848579712,144123984705781760,0
4102,13842377469962500368,5476429925588140032,0
135172,4617034644333791104,432371954117246976,0
405528,13862924679338002368,72061992487108608,0
268484614,6931886364710405088,504429548155174912,0
102404,13840125463922475776,864726319269937152,0
16812034,2310769697582223296,864726317122453504,0
131096,13844910555671823232,432371954117345280,0
1073811460,13849413657082986880,864743908234559488,0
77828,13844628788659357632,432371954117246976,0
6146,13842658807422914496,864796685866369024,0
1026,1157566683669336448,864726317122191360,0
16780292,3472699226107940736,1729452638539874304,0
32770,13842658824612224192,2522024587957403648,0
230936,1171079964978057152,72070788714332160,0
12,6926960552616923264,144141577428729856,0
16780300,3472417725437460416,216185976790188032,0
4096,4617034644341129600,288247970485239808,0
1073944588,6931885952394338272,432371954117279744,0
16387,4614782689904430976,288247969411563520,0
8192,9223935192989697792,576495940970479616,0
536971268,2319776596194500544,216181579817418752,0
536903686,5066927562033088,288247969411497984,0
134230024,13844628788738003392,216185976521752576,0
536969228,6926960140233999296,144132783483125760,0
1536,6931886003933159392,1747467024163930112,0
67211268,13849132482855702272,864743907160752128,0
536903682,2533584046919552,288247969411497984,0
50337804,6926960140301123520,7349936167741030400,0
3078,2310769671843626944,432398342933184512,0
71692,6931322177704690048,432398344007057408,0
208908,13844910280815937472,1080877104976904192,0
12291,13842096630774891504,144123985779490816,0
536924166,6922877911325745120,864743907160752128,0
134361112,13862928467566268352,216185977058639872,0
134225928,9237446369845710784,432371953043505152,0
1610711046,4504450097483744,108092988529311744,0
50333698,6922314944094410912,4467588423611318272,0
6147,4615908675787701504,10088098356124450816,0
143384,13862927505627815104,144123985779523584,0
24579,9226187164641919232,288247969411563520,0
134619160,9250958285445530752,144123984705781760,0
72708,4617034970762841984,288247971559178240,0
134230028,13849414292772751296,144141577965535232,0
6148,6931885127680132992,1008859096310480896,0
77830,13843502682573637568,1729487822911438848,0
8193,9226187652191895536,4755810002596265984,0
67117056,9226750226234082816,1153062250685136896,0
33558532,13840125532642746352,5476429926661881856,0
3072,2319776587625537504,288283155931201536,0
33799,3474951506957959552,288283155931201536,0
50337798,4617034902086356864,576566311862140928,0
2054,6931321911518432896,288247970485370880,0
34306,3465661501219545024,14267430011010023424,0
204812,9237446713468262592,216177180562948096,0
33591298,4616752877306647488,288247969411497984,0
65540,9228438895738226560,432354360857493504,0
268484610,7037166499661696,432363158561095680,0
139288,9250957512318648576,288247969411563520,0
12885692464,6971995561034256352,1116896006256984064,0
134225921,9227313133329063904,288256765504520192,0
134291468,9237446644737773440,144123984705781760,0
201338881,13838154658039734208,9079309628558278656,0
2147889160,13844910280866275264,9187345439060393984,0
24579,9230691245282566016,144123984974184448,0
0,6944833801322236864,432371953580376064,0
17411,2313021600420594048,288283159152558080,0
100667392,13849413863316918144,2161780599843454976,0
50333704,2333288494613923808,216181579817418752,0
67112962,4614501077486669696,576495940970479616,0
6150,6922315184710091136,864726319269937152,0
6156,13844911431878707168,864743907160883200,0
135180,13849414155333799872,504429547349901312,0
12288,9228439170617184128,432371953580441600,0
67590,6931322177806409600,432398344007057408,0
135176,6931322968013277376,72061992352923648,0
134172,2337792403478417344,144141577965600768,0
1073846276,4625479168496246656,4179366844089499648,0
3073,11536815746669612928,2017683014691586048,0
24,4666682623814272896,468387555386064896,0
12296,13853358069249999040,72061992352890880,0
67516440,16173272396482486240,2269829606297092096,0
100669444,4625478893643505600,432371954117246976,0
196620,13868554659908551104,504464734674812928,0
2147704860,9251239760464711648,2269818610509692928,0
4102,13840125137501815040,288283154857328640,0
270360,9250957598250763200,216185977058639872,0
24579,2313093146070745472,864796696604049408,0
4100,9228438964424147904,144123984705781760,0
134623257,13863770255362105328,2161754211027550208,0
17923,1159888448433692608,4755827598003535872,0
71692,4626043424350404992,432371954117312512,0
134377497,13864051747518167544,18374923974183223296,0
402677761,9238572613442211808,432371953043505152,0
200716,4625479134165862336,216185977058656256,0
2052,6931462915294764992,864743908234493952,0
268460033,9225061058542059456,216185976521752576,0
100734990,6931462923872640960,1008867892403372032,0
33560588,6944974513110532064,14051235235710894080,0
402681859,16148642511252373472,16248994053025169408,0
33558528,13840125257735737312,1080934283608064000,0
99334,2319777721434771424,864743912529592320,0
34310,3472418000205775808,432398347228151808,0
270353,9237446232373198976,216185976521768960,0
50333696,6924566228541382528,864726317122191360,0
6156,4638990792078135264,432363159634968576,0
102404,13849413863318491104,576495943118225408,0
69644,4621539343539900288,144123985779490816,0
6168,13862644355480424320,432371954117312512,0
196636,6944974538810593216,216185976723087360,0
143384,13862926268543535552,216185977058639872,0
4096,4619286701827694584,288283154857328640,0
12289,13837873114340401088,2449984587179229184,0
134156,3486209999220248512,144141577965633536,0
1073815558,9228438895739274368,144123985779490816,0
66052,3472417141178761344,288283159152558080,0
100866056,6944974512976314304,7133715004431269888,0
12291,13842658738763735008,864726319269675008,0
137240,6944974513041311680,216181579817484288,0
4100,13840406956079058560,144141577965535232,0
65540,13840406406289687424,144141576891793408,0
38916,4625479374745895040,144141577428729856,0
134225924,9228438904320823168,144128382483824640,0
200716,4620976367762673248,108092988529319936,0
4100,13849132457000963968,432363157487419392,0
12292,9228439239402718080,288247969411563520,0
6148,6931462606057115328,144123985779490816,0
139288,13864054221444220864,216185977058672640,0
33556484,6926818853128249312,1080916693569503232,0
34822,6931462880918257600,432363159635034112,0
1610711046,7600288260161984,432371953043505152,0
570481671,6925129865757728704,5620545119032836096,0
100675584,13838999220418776960,864796694456303616,0
1073819660,13850539831884516736,1585297856770637824,0
3,1737475513027399552,864796685866893312,0
12289,13839280643855359872,2738197370339590144,0
8196,9228439445482506112,720584737009172480,0
270344,9232943302888403008,72061992352874496,0
515,1736349613120556928,864796694456303616,0
12,1171080068255973568,144141577965535232,0
67375128,13862926191233605568,216188176216113152,0
405528,13862925778887909312,2522028986272350208,0
33593358,4638990792108543872,432371954117312512,0
884794,34905061782978752,72064191510360064,0
52226,6925129934410092416,864743911455850496,0
32774,4616752963159851264,288283154857459712,0
794673,9251240035300148192,108094087839612928,0
268484610,7037269587265152,432363157487353856,0
2050,4616471969269812992,864726319269675008,0
536969220,4785950830889184,2233794211805659136,0
536903682,6755708711207040,432371953580376064,0
101382,6923018872150819200,864726319270068224,0
14,3485930208001292480,216185976253317120,0
33556484,4611967493439751040,8070468124433973248,0
1027,3465942967673425792,864796694456827904,0
6146,6925129315934804352,432363157487419392,0
8192,9225061247557304832,576495938822995968,0
143372,13868555768078010336,432407140637016064,0
77828,13849132457086689248,864726319269675008,0
110604,4639130954141016032,540438553293766656,0
1024,2315273537892392832,288283155931070464,0
100675590,13842658824612745152,432398341859442688,0
24579,9228438895738224896,288247969411563520,0
67596,6931321902928502656,432398344007057408,0
71686,4616471969242030048,4323508422055165952,0
33822736,4629985242192551872,4251411242779934720,0
2048,6922316284161950080,288283154857459712,0
16779265,6920063316175881088,864726319269675008,0
33560576,4614782689879265024,3170586920669413376,0
536906758,3472698375704415680,432398344007057408,0
134230064,13889950056673968320,504416353210368000,0
67309580,13849415461002805632,432371954117279744,0
4098,13837873352690893312,1153132636610232320,0
268451843,2251937279903104,1008815113160884224,0
12291,13843503249609461504,2017718192620699648,0
32770,4616471660033212608,216185977058623488,0
49155,2533429474232704,288247970485239808,0
69644,4620975362739799168,432371953580441600,0
134246403,9230691245308780528,7349900981221457920,0
2147876888,13862925856159565792,108092988529311744,0
33605638,4619286710515667904,864796688014114816,0
67123201,16144701440641744865,17547163243087134720,0
16780288,2310628942874149376,1153062259275071488,0
12288,13853355045593024320,72061992352874496,0
36870,13842658738704490432,4323490833090347008,0
1024,2312739713147998144,648588719380496384,0
67123203,16143997615693896640,8863519473538170880,0
1073971206,6924707490084437984,13943151043811475456,0
72716,4639553800019648384,2017665412841472000,0
12289,13838999220418249472,864743907160752128,0
3072,3486209990764543936,432371954117246976,0
50343937,9226750028668737792,4359620780883968000,0
100364,2315274096103923648,216199172003528704,0
67121156,13844629888250676096,432371954117246976,0
33556484,6931463705568755648,432363159634837504,0
67252248,13862926053761090496,252216973100843008,0
33798,3463409701374402432,288247970485370880,0
8192,9228438620834107264,288265560523800576,0
4096,13849414206941437920,864726314974707712,0
1024,2310628685246898432,576531125342568448,0
33558528,4612530752635015040,576495940970479616,0
50178,3463409701376495488,4323508420981293056,0
4100,4616753152190316800,288283154857459712,0
4096,4617034575625847040,288283154857459712,0
201469964,13849415254883176384,2233798610120605696,0
77828,9237446644715225984,144123984705748992,0
33593346,6924566778298244992,288283154857328640,0
302041094,6949337400950391792,864726319269937152,0
33798,2310489013012662240,432363158561095680,0
1073815556,9228438921475523712,144123985779490816,0
405528,13862925985003864256,216188175679242240,0
100667392,13840125257802845952,576567417816219648,0
49167,14637317305927616,1008832706420703232,0
67121153,13836465619196714976,15996821067234541568,0
33556480,4614219602521492864,288247970485239808,0
32775,7882227126895488,432371954117345280,0
137224,4639553742061961408,216185977058623488,0
69644,13844628788670891904,432371953580376064,0
536969218,2252229328242624,216185977058623488,0
401420,13850540261340348896,432371954117345280,0
71692,6926819368390102976,216181579817418752,0
49671,4051482430437859296,4323701945765199872,0
134230021,13843503369801435072,2017735784806744064,0
134225920,9232943878388060032,2161754211027517440,0
2147627033,13864051756108357504,2161736618036166656,0
69636,4616752877268894336,432363157487353856,0
36866,13840124914132058496,288247971559047168,0
102406,13840125549889855232,5476429926661947392,0
33556484,4620975294007740288,432363157487353856,0
33560580,4625760420231645952,864814280199897088,0
16878598,2319777962019258752,432363159634968576,0
1073940486,6931462889521290720,4539659212325650432,0
268484611,1159889101268191360,432398344006926336,0
201338896,13853919060698341312,72070788982767616,0
67112960,9228438895725643648,288247969411497984,0
268451842,4619004745799959296,1080899097088491520,0
204812,9238572750815101312,432371954117246976,0
4097,13837028620653036416,576566309715181568,0
12289,13837873672698724736,288247969411563520,0
100669442,4619286839363115904,864743911455719424,0
49154,1157637061003458496,432363158561488896,0
16780300,3486211648622436288,144141576891793408,0
1073974284,6931462648982151040,8503103962952499200,0
67112960,13840125189018357632,288283154857328640,0
36866,13842658755892744128,216185977058656256,0
100677633,16144561252938555360,2018157991903100928,0
16784390,16155258040788459488,1729487816468987904,0
3074,2314006865901519232,864743911455981568,0
33558528,4616471934880714624,4467579626981425152,0
32774,6933151971233759616,288283155931201536,0
8193,9226187095924539776,432371953043537920,0
1026,3465661501219537280,864726317122191360,0
536903682,2252246514404544,144123984705748992,0
1027,2312880905967371008,1729452638539874304,0
33585155,13843784862025654240,864796688014114816,0
545359372,1162071150812991424,1008841507345793024,0
268484614,4503926109898624,144141577965535232,0
2147618840,13862926036547666304,432354361125928960,0
1036,3485927974559563712,4827885190430851072,0
266264,4642931922818826304,108092988529319936,0
24578,9228439445531795424,216185977058623488,0
98310,6932026071305945536,432371954117279744,0
131080,4620975306905229440,4756654428063268864,0
65548,9232942770210996352,144123984705748992,0
67117064,9250958268302364608,792637932866371584,0
2052,4626042118477971712,576566309714919424,0
268492807,9229565414179082208,540458345174171648,0
102406,4616471668592222144,3530826506173415424,0
4097,13838998962668831488,576566309714919424,0
33560576,6922314703576244192,4323490826647764992,0
402677761,9250958337051201408,432371952506634240,0
100669446,4616471969241505664,288283154857328640,0
198668,4621117096696745920,216181578743676928,0
35846,2313021712175611776,432398344007122944,0
104460,6926960114531307200,216199172003528704,0
133128,4620975259648001920,144141577965600768,0
402685958,4715556316909440,864726319269675008,0
69644,13849415254913060736,432371954117312512,0
2147627016,9232942795998498688,3602888498526289920,0
34822,2319777111548625280,288283155931201536,0
69644,6935264133137825984,216185977192857600,0
65548,9289275592934464,216185977058623488,0
4100,4626041856536349952,288247970485370880,0
134225920,9241950519254058880,216185976790188032,0
4097,13838999220384696064,576566309715443712,0
16779264,6922314703647543168,576566309714657280,0
2052,2310629063143719296,288247970485239808,0
102415,6931463739870289856,8214592109408190464,0
100667404,13844910280829046656,288247971558981632,0
268484610,1159819582993597312,1080899101383720960,0
104452,4625479993197072320,432363157487550464,0
69636,4626042118465390464,432363159634837504,0
131096,9232942632756052096,144141577428762624,0
2,4616472188352987392,864726317122453504,0
2199157481476,9228438895725645760,4467579626444554240,0
274480,13853918236065139808,108092988327993344,0
33556480,6931323002409721728,288283154857328640,0
1,13843221705846161792,432363157487419392,0
16780288,2306124793463705536,576531125342568448,0
69644,13849132319515869440,288247971559047168,0
4104,4621538243961161664,216181578743709696,0
202764,6926819368356548480,144123984705781760,0
133128,6945537566056652480,8286636509306601472,0
36866,13840406406293884864,144123984705781760,0
3221422092,9238572613341545344,432371953311940608,0
24583,2319776896766706656,1080969470127898624,0
16911384,6945396751274608576,864743911455850496,0
536624,13889949025948405696,216185976521752576,0
134225928,9232942770230923136,144128383020695552,0
405528,13853918579649417200,504409755737923584,0
134225924,9228439445489848256,144123984705748992,0
33556480,6922314978551668608,432398341859442688,0
536608,13889949025948401728,72064191510355968,0
402677768,9232942770214145984,144123984705748992,0
16977420,3472699234668518784,8502851074607022080,0
2,1736631122457534336,864743907160752128,0
81925,15200713925722496,144123984974184448,0
12300,13849414155332749184,432371954117345280,0
73732,9237727870618704960,4684029485891190784,0
33560582,4626042994720247776,1729487822911438848,0
1548,3472699638356640640,864796688013852672,0
16387,6924707721911468416,432398344007057408,0
55298,4617034919206455168,288283154857328640,0
65540,4785469768335488,144132781335707648,0
2060,6931464014806386560,432398344007057408,0
16813062,2319777687078453232,9079309627484536832,0
1073807364,9228439445464682368,1873506241616019456,0
1026,2310769422734723008,864796694456303616,0
4099,16174966151054361568,144123985242685440,0
35846,6924707721945028736,432371953580441600,0
1026,2312880966096388480,864743911455981568,0
100356,2310769774855461984,7026466440832090112,0
4102,4616472106709811328,144141577965600768,0
100364,6931463980375345088,432371955728056320,0
2147876888,18510411477818464,36032095553847296,0
16385,1126793292546816,864743908234493952,0
98310,6931462880855328704,432371954117246976,0
100667396,9237446850905113088,1765483625991634944,0
2048,2319635884501905792,288265566966251520,0
16828418,6924707515987935200,432371953580376064,0
67112964,13840124914166662528,288247971558981632,0
201437196,13844911380374241264,16357087041017610240,0
536903686,6755708711207360,144123985779490816,0
805355527,9231816801608798080,2233811803991703552,0
1073807364,14356168765867136,144123984705748992,0
16387,9231816664178229376,144128383020695552,0
102412,4626042118479022016,432371954117279744,0
268484610,4618723219294126208,432363159634968576,0
16780288,2310628685162487168,288283154857328640,0
1610711044,1166644247344455648,8178541321619767296,0
1610811400,2333287944929419200,4107287259013709824,0
536903684,4621256751822409712,576495940970479616,0
16876548,3472698375704420224,432398344006926336,0
2060,6926818286044710784,864743907160883200,0
24577,9229565414187474816,432371954117246976,0
73736,9232379820227168128,432371953580376064,0
17410,2312880175729086336,288283154857590784,0
512,1157848192977473024,576531129637535744,0
134488088,13853355045590929248,108092988260876288,0
268468226,6755708705964416,144123984705748992,0
134230016,13849133694035427520,216185976790188032,0
135176,4621538243972697984,144123984705781760,0
100356,6931462614615596992,216181579817451520,0
2147883032,6944834020500576480,432371954117312512,0
134225932,9251239176342867936,1765413252952489984,0
3074,2312880759869801440,576531129639108608,0
1026,1745639421357596544,1008859093089124352,0
67178500,13840406389143375808,288247969411563520,0
134225924,9228439514213517184,432371954117246976,0
2060,6926818303270719360,288265562671284224,0
8196,13840407145023013760,432354361125896192,0
268517381,6192827497189248,2161736617767731200,0
16845836,6931464221099048896,432371953580376064,0
200716,4621538243972695168,432371954117246976,0
1030,3463409692814872448,864796685866369024,0
8,9232942701463208192,288247971559178240,0
262152,9232943251246285184,432363157487419392,0
4112,4629983008725667776,72061992352890880,0
268451841,1126243525199744,1008823908717035520,0
16779264,2306124776283840384,3747047668677869568,0
393240,2369108371665854448,558454050576670720,0
196616,4620976359239323584,72061992352890880,0
131080,13844911861376483520,216185977058672640,0
51202,6922315184638787712,144141577428729856,0
8193,7882192767680768,288247969948368896,0
131096,2323999270567944032,2413933798585548800,0
8216,9250957168728870848,216185976521768960,0
40964,9228438895692091264,432371954117246976,0
132632,3485930173582811072,4467597220241276928,0
33593346,6922314669301440448,144123985779490816,0
8195,9228439170611937664,144123984705781760,0
6476273688,6944974513011953632,2125705621591293952,0
49154,9230690712732829568,288247969411497984,0
67121152,13840125120324045056,864743908234493952,0
67178500,4616471385142726592,3674950490879164416,0
202764,6945396201591939040,4467597219704340480,0
33589250,6922877928437974912,864726317122453504,0
69636,4616471428105506400,3494795509996986368,0
28675,9237447486765272032,216181579012161536,0
67121153,13838155139153399552,576566318304591872,0
16390,2322028705203883968,432371954117312512,0
50337792,13835903408032191424,18303156651215028224,0
132104,3486209990563202944,432371953580572672,0
19457,6920062749139537664,7494095345945673728,0
67598,6950041363269291968,432371956264796160,0
16813062,2319635884501110720,864726319269937152,0
266264,4629984073823030336,108090789506064384,0
67178500,6931321868470193984,2846420100033019904,0
24585,9238572613375100864,504416353210335232,0
6152,13862925778887380928,216181579817451520,0
17411,3461438852569239424,4467623609057148928,0
1024,3472698538912121088,864726319269675008,0
33609734,6924707593163651456,432398344007057408,0
67112960,13842658188923506432,288247971558981632,0
2,3472698092236575616,288265566966251520,0
2048,6944973954630033344,4107287258476838912,0
16779264,6922877911299006400,864796694456303616,0
71684,6931462880855330752,2233811805065478144,0
3072,6931321868567711616,288283154857328640,0
4110,4644057616566191072,432371956264796160,0
792592,6935969993980391648,252216973235077120,0
67121164,13849133556571312096,864743908234493952,0
16911368,2333289010144227392,216185977058623488,0
3355848728,13863066524966195168,2269820809667149824,0
1544,3485928524244074464,16357087040749174784,0
268451841,10696633282987968,144123984705748992,0
35846,2310769671813480384,9367496021560524800,0
3074,2310769388344577920,2017647817434333184,0
536920066,6755691564894400,216185977058623488,0
67254300,13867429653354907584,216185977192857600,0
32,4666012054866107440,6935544525729300480,0
12300,13850541360909649280,432371954117246976,0
73740,13849414344313143680,432398344006991872,0
2050,6920625699092959104,576566309714919424,0
19459,2313021566078688640,288283154857328640,0
33798,2312458753500250496,288265564819554304,0
135176,4638990207942659264,144123984974200832,0
738242566,9228439514282205152,468405149182722048,0
67121168,13853918854472794304,216181578743709696,0
318822403,6924566365968800224,9007674245911674880,0
3586,6926255679739007744,8935418741928230912,0
27651,2313021703466254592,864796694456827904,0
32770,2251971643834496,432363157487353856,0
33286,1763688694867300224,864743911456112640,0
3078,8078191970405597056,864814280199897088,0
67121155,4619286719225675744,162155976475082752,0
196612,2319495121217785792,216185976790220800,0
268451843,8444627323456960,216185977058623488,0
196620,4621539412203799680,144123984974200832,0
196632,13862925778849630144,216185977058639872,0
24589,9234068738836267392,432371954117312512,0
12292,13842658257641931648,432371953580441600,0
399376,6971998825224339648,216185977058623488,0
67506200,13862925744557006816,108092988529311744,0
805405708,3467914160093793984,432371955727859712,0
8200,9232942753064685504,72061992352874496,0
8216,13863769568089997440,144123985108418560,0
34822,4616471694383515520,432363157487353856,0
3076,3463409701441507008,2161745415471497216,0
1024,1159888852227211136,5476412337697062912,0
16804865,3462564958648140544,1729628560400318464,0
536969222,4626183062125805952,432363159634837504,0
1073841678,4049230596234813376,4467623610130890752,0
135176,13849413794517745792,432371954117246976,0
67252248,13862925778899963584,216185977192857600,0
1141051400,13844629888224731104,5044057972544634880,0
33557504,8097896017648173024,7025622016170393600,0
33798,3472418000361490368,1008859096310349824,0
402661392,13853920229063671744,216185976521752576,0
6146,6924566984422064384,864796688014114816,0
402669570,6898086978257280,288265566966251520,0
50691,1159889685520064496,1585284663167942656,0
4112,13853918218883694976,432363157487419392,0
65548,1166644500676215168,288265566966644744,0
33560576,4612530752651792256,2161763011952377856,0
134225924,9238572613375099264,144123984705748992,0
16804871,12698325536811786208,1117015859333431296,0
6148,13849414206839849920,864796688014639104,0
33558532,13849132388271001472,2017718186178248704,0
549856483328,6920625699126517504,864814278052413440,0
33558532,4625478859341435776,144123985242619904,0
2147614728,2315132250446889024,72061992352874496,0
134291462,9237446713536942048,432371954117246976,0
3072,6926960140422758336,1008806316530991104,0
32770,13840124914132058368,288247969411563520,0
1073938444,6944833766963023808,432371954117312512,0
6148,4617034902043367808,432363157487419392,0
50695,3474951309389991808,864796688014245888,0
268443664,13853921259856343248,216185977058623488,0
4098,13842658188956012416,432363159634903040,0
8216,13853918012659204224,432371953580376064,0
51203,6933715952059027328,432407140100145152,0
12289,9230692345022252512,432371953580441600,0
24577,2308376816646621952,864796685866369024,0
1073810444,3472699200308780224,4539654813742268416,0
34822,6931886227271454592,432407140100014080,0
6442844168,4625619974733956800,216179379586203648,0
12300,13844628814508855168,432363157487386624,0
198664,6944692488443019040,36035394222956544,0
50334728,8097898251164860352,432371953580376064,0
98316,6944974517336543168,144141579576279040,0
35846,6931463121386078592,864743911456112640,0
16779264,6925269915984207680,5476412335549579264,0
48,4630123892390240032,54046494130438144,0
1030,2314850775469131008,35188667056128,0
824667279360,4629983008674299888,18302637681726717952,0
133128,6945396751274608256,432363157487550464,0
135176,6926960114468929504,6989593219017211904,0
134242305,9225061814484600704,432371954117246976,0
134246424,13864051730363981808,18158847952314040320,0
6144,13840125532642480064,576531125342568448,0
4104,4621539326305501568,432371954117279744,0
40966,9228438964457703296,288247969411530752,0
2054,6922314978483506944,864726319269675008,0
201338886,9231817218230849312,576566311862140928,0
100675596,13844911380377903040,216185977058623488,0
268460035,9226187095896760192,144123984705748992,0
34820,4625478601538535680,288265562671415296,0
16779264,4612249277641527168,576495940970479616,0
71684,6932025865236127728,18302655275523440640,0
16393,10133683359981248,72061992352874496,0
98310,6922455690195242944,144123985779589120,0
1073807372,6931462880859525056,216185977058623488,0
33556484,4621257920091000768,1729452625654448128,0
50182,3473262657030586560,432407140100145152,0
49159,6934840614935596928,1008859099531706368,0
2049,6920062766319403264,576566309714919424,0
14337,16143435181203666928,17437955350438346752,0
16389,10134190087471360,288247969411563520,0
98309,9229564864315261312,144123984705781760,0
67112968,4621539343548289984,4827871995217575936,0
2056,2333288116656275648,216181579817484288,0
49154,4614219757097322368,1585284662094266368,0
268484610,7037166495467456,1008815113160884224,0
67112960,13844628788628947712,288247971558981632,0
2048,4617034902007710464,576531125342568448,0
268460033,9238572613375099776,432371953580376064,0
24589,9238572338489853824,432371954117312512,0
67112962,13840124982851535104,288283154857459712,0
68620,3486209999292080064,4467597220241276928,0
24577,3659638580971392,432363158561095680,0
6144,4619286908016527232,576566318304591872,0
268484611,5629843169349600,288247969411497984,0
18435,6924566786888179584,1729452634244382720,0
2147878936,6944974547371169984,4539641618797428736,0
532528,9251239073227473088,216185977058623488,0
71692,4626042324636402048,432371955728056320,0
135176,13862362249244196800,216185976790188032,0
196622,13849414155333799872,504433946201718784,0
6144,6925129711038235392,1729593388913655808,0
117772,6926818303301652352,432363157521104896,0
8796629925890,6755811784132032,2125738606537474048,0
1073840134,4616612131234123744,2413931599428059136,0
536975372,13849415443891880752,864796694456565760,0
101390,8084385734162391024,504429550302887936,0
2147942428,2333359172528639936,504464734674812928,0
2050,2312881550346166256,288247969411497984,0
135176,13844629269707227584,216185976521768960,0
65548,6926819883849089408,432371955727859712,0
262160,13889387115511814176,36032095755186176,0
36870,4616752877277283200,288283155931070464,0
33560576,4619286152094420928,2161763011952377856,0
2147618824,13862925778904162272,216188175545008128,0
135176,13862925229233029056,216181578743676928,0
200712,4639131503827623904,3566857502349860864,0
16778264,3485998330481753952,108086391056891904,0
134230032,13862926259885967296,504433945396412416,0
104460,13849414155388329920,4539654813205430272,0
2048,2308376576114313152,288247969411497984,0
4099,4619286719105605568,432371955727925248,0
3072,8077629132121325504,10232231133165125632,0
71684,4621538226759271296,864726319269675008,0
69636,4617034627165456256,432371953580376064,0
4,2313865956691022016,144123985779556352,0
8390147,3465661492696719232,864743911455719424,0
6152,16173413400258289600,1008832706420703232,0
1073840132,13933621365702848,216177180562948096,0
8205,13868555484542273472,432371954117279744,0
12288,13850540244218154368,2738214963330940928,0
6148,4619286907981922560,864743911456112640,0
1073811468,13862925830457266168,864726319269937152,0
32770,13842376920104174976,432371953580441600,0
4104,13862925793949130624,288283155931070464,0
36870,4626041843642011584,2017665412841472000,0
1027,3465661501286653888,432363158561095680,0
33654788,6931323286042182528,864743911455719424,0
536969222,4618723219320344512,3602888499600064512,0
4098,4619286358226108672,288283154857328640,0
405528,16168768788130435008,216188176216121344,0
2,4616472796191276992,8214574516416806912,0
134246401,4614219619688783840,8214574516953710592,0
134357016,9250958268253079488,216185976521752576,0
196616,2333288597693140704,216177180562948096,0
67112972,9232943869755131840,432371953043521536,0
12300,13849414971445223360,432371954117345280,0
4096,13853636537748553856,144123984705748992,0
51203,6925129298755460896,864796685866369024,0
67178500,4621538209681118784,144128382752260096,0
36871,4638992991085659008,1008815114234658816,0
50180,3472416625753329536,2017718190473478144,0
1073939468,2319636159298274560,864759300323540992,0
208920,13862364452595703776,108092988529319936,0
4096,13840407024799325440,864743908234493952,0
67112960,13840406956146690432,288247971559112704,0
12300,13844911449126739904,216185977058623488,0
3073,6920062749174138368,1153062267866054656,0
12291,13843785738333200288,288247971559047168,0
1627491340,3472699200338141120,9079318422503817216,0
4100,4626041826420197568,144123985779490816,0
49666,3463409692883029888,864796685866893312,0
134225920,9228439101896655232,288247969411497984,0
8200,9232943320068004032,72061992352874496,0
2147620872,6935968988940738496,216185977058623488,0
213005,14637652304200064,432371954117279744,0
67112972,4626041843601117120,216185977058623488,0
536969222,4785950844259712,288247969411497984,0
6156,4621539756003557504,432371954117246976,0
2052,6922314987075018624,864743907160752128,0
65548,6926819402745644736,216181579817517056,0
134225920,9232942770281254848,144123984705748992,0
4100,4621257026652078848,864726314974838784,0
805339142,6896987399000000,144141577965535232,0
1028,3472416625825169344,864726317122191360,0
1073807372,13653692711964768,36030996444872704,0
1026,2310769663172151040,864726317122453504,0
16387,2533738665739136,288283155931201536,0
16780288,6931321902902296544,1729452638539350016,0
33556484,4626042943167267712,432363159634837504,0
25166860,3468195626585432000,864726319269675008,0
24577,9238009371356563328,288247969948368896,0
3072,6924566434666251008,576566309715181568,0
67115024,6953982502703726784,504429548155240448,0
515,1159818758296964864,288265564818767872,0
1073807364,9232943886923466688,216177180428730368,0
100669440,13842658944938410432,864743907160752128,0
16878604,3490714114243690880,1008859100605448192,0
12296,13844911449126731968,72064191510347776,0
16393,10134001137746816,432371954117246976,0
33558532,4616471969241501568,432363157487353856,0
200716,4620976367829254208,216185976521768960,0
8797166829576,4630264500868616176,288247968337756160,0
198168,3522029339408867264,504433946201686016,0
536973318,4626042127056374976,2233798610120638464,0
6148,4617034627161264000,288283154857459712,0
399376,6935968954598293696,216185978132398080,0
16812036,6922314703643352960,288247969411497984,0
268460033,9232942787424421824,216185977058623488,0
12312,13900083160332246976,216185977192841216,0
1073938444,9852294232277120,144123984705748992,0
8195,13842658738778931584,432363157487419392,0
33560576,4616471660070969216,1297054285942489088,0
100667392,13835621383247241088,864726314974707712,0
1575008,7057641989633476592,126108486550421504,0
201338892,13850541232129318848,1008859096310349824,0
2056,2315133624987418816,144123985779490816,0
98310,6931322177704690560,864743907160883200,0
4108,4626041895139672448,432363157487419392,0
4100,4616471694391904128,288247971558981632,0
67112968,4620976393536147392,72061992352874496,0
134623256,13862925778916741056,216179379586203648,0
409625,9252083575433462144,432371953311973376,0
33560578,4619286152067680000,864726319269806080,0
33560578,4616752946003052480,1729593371732738048,0
24576,9278261908017782624,108088590214373376,0
67115008,6931886442020343744,144141577965535232,0
2147614732,4639553744210235360,216181578743676928,0
73732,9238572613343117696,288283155931070464,0
6148,4625478893715726240,864726319269675008,0
16780290,2312880759936913344,1729523011578494976,0
33558528,13849133556597002176,576566305419689984,0
24578,1160099966982557664,288283159152558080,0
25168900,2319777721501091712,864796685866369024,0
100356,2319635850074260608,432371953580441600,0
12292,13850259456436208512,432371954117312512,0
51206,6924566778298765120,864796688014114816,0
65540,4625478859287953536,144132781335707648,0
1025,12686499945523461056,1729593388913131520,0
98308,2319777695731825728,216185977058672640,0
34822,6931323002440650624,864726319269675008,0
12289,9252084511743676288,1873506241616052224,0
1610811404,6944974513112629216,8899128257316651008,0
1024,3468195626479534048,1801510219692376064,0
268853265,9252083137379305440,216185977058623488,0
67149826,9228438895738226560,144123984705748992,0
536905730,2310488196769648576,144141577428729856,0
266264,13844910280794964928,144123984705748992,0
26627,6921751667752832960,864796688014114816,0
71694,16155399207773016000,504433946470219776,0
4104,13844628788709167072,432363157487353856,0
268492803,13842659937210875840,216185977058639872,0
90117,9229564864357732288,864743907160883200,0
24585,9234068756049691520,432371953311956992,0
671195148,9232942838971375584,9151323239446740992,0
34822,6931463121386078336,432363157487550464,0
18435,6925129728319296480,432363159634837504,0
134225920,9229002438379310976,1729452629949415424,0
2060,6931321885646913984,864743907160883200,0
24579,9231817214002732992,216185977058623488,0
33626124,4625760694996829952,864757101300285440,0
69644,13849132388299837344,288283155931070464,0
36870,4626041826421244384,864726319269937152,0
4,9228438912918093952,144123985779556352,0
49159,16157649908075073408,432398344544026624,0
4099,4619286701924159360,288283155931070464,0
274894687233,2308376610554265536,864796685866369024,0
33560576,6926959255537856704,9367513613746569216,0
12289,4614220169493888960,432363157487550464,0
268484610,5066927603975104,144123984705748992,0
49158,6933574183660028672,576566318304591872,0
16780294,2319635884470702016,1729487822911438848,0
134242307,9227313064542478304,8286636509306552320,0
1036,2315274121805563648,864726319269675008,0
33558528,4613093840023199616,432363157487353856,0
8193,9227312927078351744,288247969411694592,0
1028,2315133367110078400,2161868567216128000,0
35844,4626041843604266112,2233794211805659136,0
2147680268,2319776871030984640,216199172003463168,0
24579,9231817368621948920,864743907160752128,0
8390144,3461299901866968960,1729452634244382720,0
134225936,9250958285445531584,216181578743676928,0
16385,3378077717499840,432371953580376064,0
34818,6924707515823300600,864796688013852672,0
6144,13842377332454590336,1153132619429314560,0
8193,9226749977106055936,576495938822995968,0
67121156,13849414206874197984,8502822485828304896,0
49154,7037321121629056,288247969411497984,0
2052,2319776587615048640,144123985779490816,0
50333708,2333290144015065280,216181579817418752,0
34820,6926819402782347232,432363157487419392,0
49158,4626042118444418016,972883087660941312,0
3075,2308517451055239040,288283154857328640,0
2199157497861,14637592208738240,432358758903971840,0
8204,9237447469449613248,216185977058639872,0
536903682,7318658685602240,4539641618797428736,0
50182,2319777102898921856,864796685867155456,0
67112972,13844910263622438784,864743908234493952,0
33560576,4620976393670369248,288247971558981632,0
50183,3465943139472120768,864796696604573696,0
4104,4639554016888488064,144141577965535232,0
16780294,6931462915264356320,18411155081341698048,0
393224,9232942753033225664,1801442050105671680,0
32772,3472699475148931968,432363159635034112,0
213005,9237446661895095936,144123984705781760,0
33560576,4612249483798908800,4035330823535198208,0
536920067,7881814802177984,8863097261073104896,0
1576992,4666152586170599264,108092988529311744,0
69644,4620975302610257600,144123984705798144,0
204813,13845755865400346560,432407140636884992,0
268486150,3465943010544197568,4467623609057148928,0
8198,9228438964415760128,288247969411497984,0
25603,16147938815143577472,1080899101383720960,0
3084,3486001092131045344,2233800809143861248,0
67121154,13842377401243017184,432407140099948544,0
8200,9228438964424147072,144123984705748992,0
2050,4614782552474914688,864726319269675008,0
4100,9237446438591398656,864726314975100928,0
4112,13889949025948401856,216185976790220800,0
2050,4616471402321545088,288247969411563520,0
67588,2315273022362095552,432371954117312512,0
77832,13862925778916741056,1080890300458631168,0
32772,9237446644748779712,216181579012128768,0
196616,28080968889274560,432371953580572672,0
536911878,13841251363813072832,432371954117246976,0
16780292,2319777687141351808,288283154857328640,0
4100,13844910538491953536,288265562671284224,0
53254,13842658206135881600,432371954117345280,0
69636,4626042101281328768,144141576891793408,0
134225921,2392975406534528,2738206166701047808,0
0,2380293432630314880,288247968337756160,0
65544,13844910263619293056,144132781335707648,0
36866,4619286152093894528,864726314974838784,0
33754124,6931463989170806720,216203570049974272,0
33560576,16145124271612246784,1729593371732738048,0
2248347676,13862925778834951776,2269820809667149824,0
67178500,13840406389130792832,4179349250829713408,0
6150,6931603360725340032,288247969411563520,0
67246088,13862925787507199872,432371953580376064,0
102402,6920062560195583584,8178684258265595904,0
202776,6945539138023067584,216185977058639872,0
2050,6924566211357314944,864726314974707712,0
33622028,4620976359239322688,216185977058656256,0
12289,13843785755513068928,432371955728056320,0
134230025,9252083137379303808,432398344006926336,0
106500,13849413880521949312,216185977058623488,0
6150,6924707593096018048,432363159634968576,0
65548,2315274087509802992,4755810002596265984,0
16780292,8084385493777661888,5044057973081505792,0
396344,8124919264814047168,216185977058639872,0
8192,9225061092938482624,288283155931070464,0
65560,54045420589686576,54044295107186688,0
33593350,13850540940071542720,4467632404613300224,0
33560580,6922878134663512448,864743911455981568,0
134230016,13862925778916741056,216185976521752576,0
2051,6924566778297188736,864726319270068224,0
6146,6925129865758253024,5620545114737868800,0
110598,13849414155321739232,432363158024290304,0
134357016,13862925229098549216,6989591020128174080,0
65548,4625479993159321472,144141577428729856,0
66566,3473333034426046656,432398344007319552,0
33626126,6931885952394076144,1008841507345530880,0
16779264,4615627149167038400,1729452634244382720,0
196612,2319495121174268352,216181578743676928,0
67252248,13853918579661999712,1261014493136158720,0
33560582,4616471419513997696,432363159634837504,0
2049,2309502372909420480,8358733691400486912,0
196620,2333008668904654912,216185976790188032,0
49158,2319778142408413120,504433946201686016,0
67121164,13868555759487287744,432371954117279744,0
24579,9231817214002729344,432371953580376064,0
98316,6935827014317768832,432363157487452160,0
1036,3468195626614791552,432407140099948544,0
1560,3486209543952670080,288283155931070464,0
16387,9231817218297970560,432345564227567616,0
67112972,4621539326372610944,432363157487353856,0
67112964,13844910263647602560,432363157487353856,0
16386,2313021712049373440,864796688014639104,0
18434,6924566778298238336,288283155931463680,0
6146,4614219619666756992,288283154857459712,0
2064,4621538158010433664,432371954117345280,0
67121152,13835906311586316480,216177180428730368,0
204812,13867570399500832704,216185977192857600,0
8192,9234068876304583808,288247969411596288,0
18434,6924566778284609472,2161745416545239040,0
65548,13844910538476224704,432371953580441600,0
71692,6931464014806392000,216199172003528704,0
67112960,4630545993051410368,144141577965535232,0
4104,4621538707766247808,288247969411497984,0
49158,1166573616569517952,288265566967037952,0
266288,16195932781223612096,216185977058639872,0
33556484,4625478893648219520,288247971559112704,0
268457987,4614782552463379712,2161833378549334016,0
134225932,9232942770244554688,72061992352874496,0
33556480,6922314978454146432,2017647819581554688,0
33560582,4626041826471579520,288283154857328640,0
90117,9229564864322602944,1008815113160916992,0
34818,4617034927814215424,576566309714919424,0
77828,9228439445495613408,432363158024290304,0
2052,6922314978551668096,864726317122453504,0
134246403,13842658738749849584,9079283238131728384,0
4100,4625478893634062208,288247970485370880,0
536971276,6949478112773545952,4539659212325683200,0
67115008,6953982262121078720,72061992352874496,0
12300,13849132869301043584,288247969948434432,0
4096,13837873183072454400,576495940970741760,0
1073873944,1171148117552664512,216199172003463168,0
71692,4626042324602847616,288283155931070464,0
1610715140,4625619871639539392,2233798610120605696,0
49159,66429125327323520,216185976655978496,0
1073807372,9148512334776000,144123984705748992,0
35854,6926819402947764208,864796685866893312,0
4295229464,6944693020867959856,6971575521905741824,0
135180,13849414361492226432,432371954117345280,0
67596,4620976393599061952,432363157487419392,0
2050,4614219757106761600,2594126164071022592,0
10241,16144560548487372736,4107318050976563200,0
49158,13842658755935477728,3891136467937853440,0
3072,6934136910292977152,3458905268489814016,0
1,9227595037781802992,216185976253317120,0
1025,3462564889895112640,1729452634244907008,0
4609,10379812408220721088,4467693979948810240,0
221197,9256588059912703984,2287859398908870656,0
67121152,13844910263714711424,144123984705748992,0
69636,4617034352279160576,864743908234625024,0
71684,4626042994720375288,864743907160752128,0
2214991896,6944974513009868768,14951957360074031104,0
65544,27233863771098304,144123984705781760,0
12336,13871937926108028864,252218072276926464,0
6150,4626041843667177408,288283155931201536,0
12294,9228439651652468992,288265562671284224,0
788496,2324280745737585344,216181578743709696,0
35846,6922455716010659712,864726319269937152,0
514,1159818483475161024,2017718194768183296,0
52226,2310488196782231168,144132782409515008,0
16876556,3472699475333496768,9079318424651300864,0
4102,13840124982852583808,864726314974838784,0
34822,2313020913215086576,18302646477819740160,0
33799,3474951506957959552,864796696604573696,0
101382,6931463740063490016,4467623610130956288,0
66572,1180156364801966272,432363159635230720,0
32770,9228438895704670464,288247971559178240,0
514,1157637060953112960,576531129638584320,0
3221422092,13792608882000256,144123984437313536,0
12,1162423475771545728,432398342933381120,0
3075,6925129161281373056,1729593388913655808,0
32770,4619286684746268608,4683756806604849152,0
33556482,4619286839279223552,576531125342568448,0
200716,13849414155333799872,504429548155273216,0
100669452,4626041843668230080,864743907160752128,0
67588,2315272988002359488,144141577965535232,0
2147614736,2323999253388074528,36032095620956160,0
67178500,4620978008634688448,216181578743676928,0
1024,2315132834712395008,288265560523800576,0
126982,13851667054726746048,216185977192857600,0
1028,2315274087446872320,864726317122191360,0
3072,2310628960056116992,576566309714657280,0
33796,3473261145196855680,864743911455981568,0
134357017,9252084649276473792,432371954117246976,0
14351,16148078702174929792,2017858936552554496,0
6144,4625478893634068352,432363157487419392,0
6144,4617034902112049024,864743908234625024,0
67178508,4621538244041379712,144123984705748992,0
1073974284,3486210514616321984,1008859100605448192,0
16411,30399916025053312,144128383020720128,0
268488706,13840124914121574144,1008911873942224896,0
17923,3461439539845280704,1729593371732738048,0
198664,2333288486010884032,144141577965633536,0
8208,9241951086190788800,216177180562964480,0
3221422092,15200576486769024,432354360857460736,0
100669448,16168911733366210496,3963198460022226944,0
4398952517638,6922455681648828384,18428736272269836288,0
77836,13849414361559335104,216185977192857600,0
50338818,6925270465781972864,18410994552644042752,0
134623256,13862925778891575168,144123984974184448,0
268451843,3378094923587456,432371952506634240,0
33558530,4616471969324343232,288247969411497984,0
2056,6926819402813276544,432371954117246976,0
16385,14637592207165312,288247969948368896,0
69644,4620975294070661056,144123984705748992,0
67244040,13844911861376483520,144123984705781760,0
19457,2308376610487668480,576566309714657280,0
67145732,9228438964425196288,288283156468006912,0
512,1159818483481969408,576495936675512320,0
67112960,13842376713937357696,864726314974707712,0
36866,4614219585300598720,8214855991930388480,0
134225928,9232942770205754304,144141577428729856,0
65540,9237446094959412096,288247969411563520,0
1542,3472699239127596928,864743912529592320,0
196632,6948915669441184128,432398344007057408,0
2050,2310628375927982976,216190375373635584,0
28675,13838154606509563840,216185977058623488,0
2050,2308376610486616832,864796685866893312,0
135192,13844910280895630464,144123984705781760,0
16385,14637592208739712,432371954117246976,0
2050,4619286358224273936,1153132619429838848,0
28681,9250958285512640448,216185976521752576,0
61446,13842658755959865328,16699378206494457856,0
34310,3472769843956025216,432398344007122944,0
221197,9238572767961416064,288283155931070464,0
196620,13849414224053276352,1369107481128615936,0
24588,9237446850907209856,216185977058656256,0
1024,2308376593306747648,576531129638060032,0
16844804,2319635850140326272,288247970485239808,0
4100,4617035125381661056,288247971558981632,0
24601,9252084666389497824,432363159634903040,0
45058,13842377469859987712,288283154857721856,0
536903686,13842658420851737344,864796688014114816,0
401432,13862925778916741056,216185976655986688,0
4100,13849132388290922368,288283155931070464,0
33556480,4616471952064775936,864726314974707712,0
67506200,13862925778904162240,4575670416353263616,0
1024,3460172335488180160,1729452625654448128,0
50433028,6931323002573299648,1116998264999116800,0
134504505,13900080544562028480,216188176081895424,0
2147684376,13863066997441432768,216188175679242240,0
33798,2310769903771058560,288283154857721856,0
536936460,9148512303319232,4395517634628550656,0
12304,13862925847569106880,504429548423643136,0
4108,13844629888251199872,432363157487419392,0
68620,2315273262779597184,288283159153082368,0
49155,9230690712720252864,3674941694249271296,0
203788,6946666068856275392,432407140636917760,0
134242316,13844910280828522432,216185976790188032,0
1036,1184659483401392064,432371955727859712,0
1073938444,13793150098212800,216185977058623488,0
265240,3486282571367333872,17348148339119489024,0
12289,13839281056374077856,288335933562945536,0
100669444,4616471419501416384,8502813689735282688,0
6150,6934277742372065248,1008859096310743040,0
98308,13794421349810368,144123985779523584,0
8196,9228438895738227840,144123984705781760,0
100358,8084384144999059328,2161780600917327872,0
2054,6922877928436928384,864743911455850496,0
1026,3465943010623101312,576566318304591872,0
34828,6944976153718816960,144123984705781760,0
67112966,13849414138154459008,864726314974838784,0
33804,2333287944958779328,216185977058639872,0
266264,13899097727329902272,216185977192865792,0
71686,6931885127692721856,7133996479408013312,0
33556483,6920062766352959424,864796688014114816,0
50333696,4617034352261336960,1729487814321504256,0
8194,9228438964434116352,288283154857328640,0
268488710,13840125463963373552,2017647823876521984,0
32774,2315272988002353344,144141577428729856,0
2052,6931462606057115520,144141577965535232,0
67112960,13844628788708642688,288247969411497984,0
16780290,6924566778298769344,576566311862403072,0
134230028,13849414155325411264,2161736618036166656,0
98310,4618723769084545920,432371955727859712,0
393240,9233224262375968704,1224983496959721472,0
65548,4620975809484037728,72061992352874496,0
71684,4626042943180639488,864796688014114816,0
38918,4616752877287247744,288247971559178240,0
16779266,2310628960028336064,864726317122191360,0
10243,6922315768878073536,1080872707198812160,0
1090586632,2323998171249250272,216181579280547840,0
18434,4614219619685375104,432371952506634240,0
196616,14355739210416256,432371954117279744,0
4097,13838718106285902720,288247970485370880,0
515,4042403754268427776,3459186743465476096,0
102414,16157510270099132384,1008929469349691392,0
208908,13849415254845425600,504429548155174912,0
6150,6934278777459187680,432398344007319552,0
6144,4614782758633873376,6341138656967262208,0
196636,13867428759968678080,216185977058672640,0
268488707,13842658274856931104,576531133933027328,0
2048,6926819866601062656,288265566966251520,0
49158,9256588248904106112,144128383020695552,0
536936460,2333006469815865280,72061992352874496,0
1610711046,4504527360230336,504407556580442112,0
4098,13837873183069308800,576495943117963264,0
16780300,6931323002411032560,9079309625337053184,0
2048,6920063161642782464,576531121047601152,0
399368,4620975268250519616,2377907200455606272,0
8201,9234069030875169024,432371953043537920,0
33560582,6922455406773018560,4251406844867641344,0
8204,13849413794521940864,432407140100014080,0
2051,6924566984456667520,288265562671546368,0
33560576,13842658807491600352,864796688013852672,0
33622028,4626042943112742784,288283154857328640,0
33950744,6981004959461941216,252216973100859392,0
268574728,9232943886973800384,1080870508041338880,0
2181437448,6945537557483495296,288296350607474688,0
536911876,13849415461070962880,144123984705781760,0
33556480,6921188666259803392,864743907160752128,0
73732,13849415461070965824,72061992352874496,0
6442846232,2333007019572207584,4431548630536552448,0
53254,13842658755893267584,432371954117345280,0
1539,4042474097298382720,2017647823876784128,0
4098,13837873251758376704,864726314974707712,0
110596,9228439445494039936,432363157487386624,0
67121154,13840125463896264576,288247969411497984,0
66052,1162141760276660672,432363158561095680,0
134225921,9229565139234064256,288247969411497984,0
16779264,4616754286128795616,1153062267865006080,0
3221323780,13511649343840096,2413935997743005696,0
405528,13862925847611051712,216177180562956288,0
38918,4626042118445466496,288283155931267072,0
8192,13862925778916737216,216185977058623488,0
4295753784,1207179117915017184,2269820809667149824,0
10241,16142308594030743488,8935458324346830848,0
131080,2315133397203157376,288283156468006912,0
134230017,13838999220417201920,1729487816469250048,0
67121153,9231818450951741312,144128383020695552,0
66564,3467913017569582912,4755810004206911488,0
6148,4616471419513997184,288247970485239808,0
71684,6931321902847756160,432371953043537920,0
134230024,13844628788642582464,1080877104976887808,0
12312,13853918579594889152,216185977058623488,0
268451841,1126243536732416,288247969411497984,0
67121152,9223935192989699968,1729417441282359296,0
131080,4638990173566140608,216185977058672640,0
18435,2313021497345574656,576566309715181568,0
36870,13842658343524499840,432363159634968576,0
17923,3465942976263358336,864796694456827904,0
204813,9238572364335677824,432371954117246976,0
131080,10697114298351744,144123984974200832,0
536985614,3472699715604185472,1008859099531575296,0
143372,13867429380692516832,504429548155174912,0
49154,4617034575568175872,864726317122191360,0
33622022,6931463052666604416,432371953580441600,0
98316,13511640758093760,216185977058623488,0
8204,9233225361975676864,216185976521768960,0
102404,4617034352241411968,144123984705781760,0
25603,2313021703516586368,864743911456505856,0
536920066,4614219722734444512,18429301421246513152,0
69636,13840125532641953728,288283153783652352,0
67115014,4616471969240457088,432371954117312512,0
134242307,6924847755025187776,1152991881940959232,0
4096,4616471419514002304,144141577428664320,0
50465816,6944977227594334400,216203570049974272,0
200716,4626042118462246784,144123985779490816,0
2048,6920204053597130880,288247970485239808,0
798768,13889949025948405696,216179379653312512,0
8193,13843784655837347824,216177180160294912,0
61442,13842658755892748256,2449971392234389504,0
8201,9252083137370916736,432371954117312512,0
65544,2333287936253495232,216181578743676928,0
12384,13889949026083413984,108092988529311744,0
25603,3467069052264398720,2017718192620699648,0
536977412,9238572613366711680,2161754209953792000,0
33560576,4625478893685448672,504420751525281792,0
77828,13849414155332749184,432371954117345280,0
73740,13846036369700290944,432363157487452160,0
52230,2319637464980914432,864726317122977792,0
4295235600,4666011810021511104,2233789813624938496,0
24579,9227313030147082112,288247969411497984,0
131080,4620975259728216256,144123984705814528,0
2049,11531748647342444288,576495940970479616,0
1548,3485927974605168512,432363159634968576,0
199708,3522240995263254496,1008867892403372032,0
26631,6925129384603943872,1729628560400318464,0
1030,3463409907631405184,432398344007057408,0
131080,4638990207936372672,72061992352890880,0
67123200,13849414980169646032,864743908234493952,0
3072,6924566786954239872,288283154857328640,0
1073807364,9228438964424147328,288247969411563520,0
8389634,2310487913398278528,288265564818767872,0
2147876888,4621679256280236160,144123984705765376,0
8198,13849132457086422400,432363159635034112,0
50334720,6927523090359402432,9079309627484536832,0
38918,6931884852852563904,4467597219435905024,0
3221357592,1207178018410993904,4359486638452113408,0
137224,6944975028571619296,216185977058648064,0
66564,3472488094105608128,1008859099531575296,0
28673,9227313683093258368,144128383020695552,0
110596,9229564864322602880,2161754211027517440,0
67112960,4626041826487308160,432371953580376064,0
100767756,6931463748489584576,1945568233700458496,0
19458,2310487922057428960,432363159634837504,0
16780290,2311192129117880832,1153062267866054656,0
67317772,16155258401565183936,540462743489118208,0
101382,6931463121386078592,432371954117312512,0
8200,9232942804570734848,864726314974707712,0
2147680268,6926960114531835872,108092988529311744,0
229382,13511881347039424,252208176605167616,0
134242307,9230691245317963648,144123984705781760,0
49158,2319777721636095992,864796685866369024,0
2050,6924566228542423424,288265566966513664,0
1036,2314992028354609280,288283154857721856,0
4108,13849414155321741248,2233798610120654848,0
268451842,2252212149422048,2161736617230860288,0
67596,6927382833802510816,288283154857459712,0
134225926,9228439445495091072,432371954117246976,0
536903684,5066858833117312,432371954117246976,0
536969222,6922455793282325568,216185977058623488,0
12294,13840406389143898496,288283155931201536,0
67596,2333006469849944032,216185977058656256,0
16780294,6922314978472501184,3170586920669413376,0
134230021,9231816801618233216,432371954117312512,0
24579,9226187095917731776,4827871995486011392,0
143368,13862925778916739008,504433946470219776,0
268484614,6931462649006786944,432371956264796160,0
16813058,2313020913231077312,1008823911938260992,0
268484610,2252315242268544,288247971558981632,0
8204,9233225843015155840,432354361327239168,0
67588,4621539343553266048,432363159635034112,0
6146,4619356533799000832,864726319269675008,0
67592,2333287979159133888,216185976790188032,0
67213318,4617034919211699184,9079564713645309952,0
536969220,14074625074923392,144141576891793408,0
536936460,6926818303234016448,144141577965535232,0
4096,13840406595242033408,288283154857459712,0
134291460,9228439445495615360,432371954117246976,0
67592,2315132800269811840,144123985779490816,0
50178,3463409692853671872,864726319269937152,0
11267,6924567877808817120,864796694456827904,0
6156,4639694556858679552,864726319269937152,0
32774,4627871680125747168,4719779006822481920,0
1073809416,6944973963419717728,36030996176437248,0
33558528,13838999082945741408,1729452634244382720,0
73732,9232942800375388288,9367496021560524800,0
6442852376,13864051043100262784,432380199783366656,0
135192,4639693938384964992,432371953580376064,0
131097,9252576148085277568,288247969948434432,0
6152,6945399444355161280,216203568976232448,0
134422536,9232943886970396640,144128382752260096,0
100669444,6931322968080384192,144145976012046336,0
67121153,13838719343236483008,432398344007057408,0
50182,2319776621988413696,864726317122191360,0
1073811468,13844946629204385536,576566320452337664,0
117643276,6932026964759814128,7421962973037461504,0
67112964,4617034352276017088,288283154857328640,0
25166856,2333147215958116288,1729452638539350016,0
6150,6922455690238762688,4539641620139606016,0
67112964,4626042118444417408,432363157487419392,0
513,1155595843342966656,1729452634244382720,0
101382,3463409701442034624,9079265646482554880,0
1140955148,16173413400124067776,504429548155240448,0
137224,4625478893618335680,2161736618841473024,0
4100,13840124982868313856,576566309715181568,0
67244056,4630548192209411264,432371954117246976,0
8192,9228438895694188416,864726314974707712,0
524337,19705438869913792,216177180562948096,0
16843780,6931885127730479040,9079318423577559040,0
67112960,9223935845909663616,288256766041391104,0
270352,13853355595254468160,72061992352874496,0
17410,2313021463066575232,288283159152295936,0
24577,13838999220408819584,216185977058623488,0
1073938444,6931462889523388384,4287440040201551872,0
32774,2320340052912112000,288283159152689152,0
4108,4621256751883227008,432371954117312512,0
8193,9227313201983000512,288283155931201536,0
1073950732,13862925787641420000,252214774077603840,0
67178500,13840406938898139520,432363159634837504,0
32774,4616471419485687744,144128383020695552,0
33622022,6931323492067180928,288283154857328640,0
536985606,1736349046109904832,3891136469548400640,0
17923,3465731869963718528,864743911456505856,0
24577,9238572750814052736,432363158024290304,0
402677785,9252084236958043264,216185976723079168,0
405528,13862924954215909312,216185977058623488,0
199692,3490786682146136048,504429550302724096,0
16843780,3472418000239334336,432363159634968576,0
100800536,6945398400514265024,1080877105513758720,0
73736,9232942770209948032,432371954117246976,0
196616,4621538312693219520,216185977058656256,0
135176,6944833801322237632,216185977058639872,0
16387,1160101092466106304,1729628560399794176,0
536905222,3472769981533396928,432407140100079616,0
131080,10696976859398528,144123984437329920,0
4120,4644060021883674848,216185977192841216,0
33589254,6922455406773018592,864726319269675008,0
51202,6925129384654276480,432398344006926336,0
4097,13838999770241958416,1729593363142803456,0
100667393,13837028826853939072,576495940970479616,0
12296,9237446644702643328,1008832705883799552,0
134291469,9234068738845181888,432354360857460736,0
16397,5629877522792576,144128382483841024,0
268451843,2815127728426944,2594090978625191936,0
67178510,4628293918292709248,432371954117312512,0
536903686,9229564864321030080,864743907160752128,0
52230,2310769388345626496,864743907160752128,0
1026,3463691202220274432,576531129637535744,0
4096,13842377469894594528,2233838193881382912,0
6146,6931322392454103424,288283154857459712,0
536903686,3463409684209737664,72066390667821056,0
1024,3472699500984796032,576531129637535744,0
134242305,9238572613375102336,432371954117279744,0
73735,9229565414120361856,432371954117279744,0
278553,9250958337051200704,216185976521768960,0
137224,4639553192306151104,216185977058639872,0
2147975198,6953489650778116080,2287836307755376640,0
2199157497857,2533463802253248,7350305600426737664,0
6148,6931885127683278464,432371954117312512,0
12312,13867429722142293984,7421962972769026048,0
134242307,9230691314069938160,4467588423611318272,0
135192,4639553742045187648,72061992487092224,0
33557528,6944976162442977216,216181579817418752,0
12288,13842658755958800576,432371954117246976,0
137224,4638990757681692864,144123984705748992,0
19457,6920062766319411136,5476412335549579264,0
12294,13849132457002536896,2017718192621092864,0
8192,13889946809677119616,144123984705781760,0
16813062,2319776621923141600,1729452638539874304,0
8204,13844911861376483520,216185976790220800,0
143384,13862925744557006816,4719779006956699648,0
12290,9226187233321550592,288283154857328640,0
66574,4069496833174933440,864814288790618112,0
67112966,13840407024798535040,432363159634837504,0
12300,13849414962849517440,432371954117312512,0
33558528,13840125500480823264,1153132619429314560,0
67115016,13862926191233599872,432371953311940608,0
34820,2315273546339716928,216185976790220800,0
134225924,9237446369933795296,216181578743676928,0
33556482,4614219602520441088,864796685866369024,0
3,4042403213102549760,576531129637535744,0
8389635,2308376661992670976,3458905277079748608,0
33560576,6931884835642286016,9187378426355384320,0
66052,1738531284641120640,864796694456303616,0
139272,13844911345989328448,6989591019993956352,0
33591298,4616471402334129920,288283154857328640,0
132120,1748174070403305344,864743908234559488,0
33558528,4612531302457941984,4467597220241211392,0
4102,6931885127692714880,864743908234625024,0
399384,6945537832361394560,432371954117312512,0
393240,4639553707689641920,648522744656314368,0
67084,1162071116489432128,4539637221019353088,0
67112968,9232942770244558592,288283155931070464,0
8,1171078006522773696,144132783483125760,0
17411,3465732952331141056,144132783483256832,0
1026,3465943002033168256,864796685866369024,0
4120,4643493541266067424,4143318254653276160,0
24577,9226187095924543360,144123984705781760,0
393240,27586317310232256,108092988529319936,0
36866,4617034352245606336,432363157487353856,0
67115056,13889954257219092864,432371954117246976,0
134246401,9234350196641500928,4323482032165355520,0
135176,4620975276797462144,144123984705748992,0
201404428,13849415254913063872,432371954117246976,0
67112984,4638990792242773952,216185976521752576,0
536903686,4503926060613824,144123985779490816,0
134244355,6924707490083913712,432371953580376064,0
67596,6926819402745644928,288283159152295936,0
24579,13842095359248048064,2233789813624946688,0
8204,9237446301101064448,288283154857328640,0
12,3486211648622698480,432380748599656448,0
201338881,13838999151685144512,792646728825176064,0
274464,13871933528061513696,36032095620956160,0
3072,16149769639623663600,288283159152295936,0
268492807,13851667054861230048,252216973100843008,0
133128,2324280840092123200,216185976790220800,0
137240,6944976712140070848,1945568233968926720,0
286745,9252083575433988032,432371954117296128,0
134242353,13889949584428900320,4575664918191144960,0
99854,4049230596264435680,1008859100605448192,0
101455888,13862925244265406400,8863090663869120512,0
33823768,6981566569184233408,432407140100079616,0
